0  69   0
1  69   1
1  70   0
2           70      0.12703
3           70      0.25406
4           70       0.3811
5           70      0.50698
6           70      0.63096
7           70      0.75534
8           70      0.87473
9  70   1
9  0  0
10            0      0.12598
11            0      0.25279
12            0      0.37664
13            0      0.50422
14            0      0.62918
15            0       0.7556
16            0      0.87665
17   0   1
17   1   0
18            1      0.06742
19            1      0.14021
20            1      0.20482
21            1      0.27087
22            1       0.3413
23            1      0.41497
24            1      0.48614
25            1      0.55933
26            1      0.63286
27            1      0.70664
28            1      0.78041
29            1      0.85395
30            1      0.92632
31   1   1
31   3   0
32            3      0.39516
33            3      0.67404
34   3   1
34   4   0
35            4      0.14115
36            4      0.24898
37            4      0.35956
38            4      0.46777
39            4      0.57703
40            4      0.68489
41            4      0.79499
42            4      0.89065
43   4   1
43   5   0
44            5      0.07538
45            5      0.15257
46            5      0.22909
47            5      0.30618
48            5      0.38328
49            5      0.46013
50            5      0.53727
51            5      0.61435
52            5      0.69142
53            5      0.76864
54            5      0.84585
55            5      0.92286
56   5   1
56   6   0
57            6      0.05251
58            6      0.10439
59            6      0.15685
60            6      0.20957
61            6      0.26232
62            6      0.31507
63            6      0.36781
64            6      0.42055
65            6      0.47328
66            6      0.52603
67            6      0.57876
68            6       0.6315
69            6      0.68425
70            6      0.73697
71            6      0.78962
72            6      0.84208
73            6       0.8948
74            6      0.94726
75   6   1
75  15   0
76  15   1
76  16   0
77           16        0.035
78           16      0.06615
79           16      0.09729
80           16      0.12845
81           16      0.15959
82           16      0.19074
83           16      0.22189
84           16      0.25302
85           16      0.28409
86           16      0.31523
87           16      0.34639
88           16      0.37749
89           16       0.4086
90           16      0.43974
91           16      0.47087
92           16      0.50199
93           16      0.53311
94           16      0.56426
95           16      0.59538
96           16      0.62653
97           16      0.65765
98           16      0.68871
99           16      0.71986
100            16       0.75099
101            16       0.78214
102            16       0.81325
103            16       0.84439
104            16       0.87554
105            16       0.90669
106            16       0.93784
107            16       0.96898
108   16    1
108   17    0
109            17       0.04836
110            17       0.09636
111            17       0.14427
112            17       0.19223
113            17       0.23983
114            17       0.28732
115            17       0.33445
116            17       0.38186
117            17       0.42969
118            17       0.47623
119            17       0.52361
120            17       0.57135
121            17       0.61895
122            17       0.66692
123            17       0.71448
124            17       0.76216
125            17       0.80996
126            17       0.85754
127            17       0.90543
128            17        0.9521
129   17    1
129   18    0
130            18       0.02411
131            18       0.05016
132            18        0.0766
133            18       0.10311
134            18       0.12954
135            18       0.15595
136            18       0.18245
137            18       0.20886
138            18       0.23483
139            18       0.26096
140            18       0.28732
141            18       0.31384
142            18       0.34035
143            18       0.36686
144            18       0.39331
145            18       0.41984
146            18       0.44632
147            18       0.47269
148            18       0.49854
149            18       0.52502
150            18        0.5513
151            18        0.5778
152            18        0.6043
153            18       0.63074
154            18       0.65692
155            18       0.68331
156            18       0.70983
157            18       0.73598
158            18       0.76246
159            18       0.78895
160            18       0.81545
161            18       0.84183
162            18       0.86831
163            18       0.89462
164            18       0.92107
165            18       0.94729
166            18       0.97379
167   18    1
167   50    0
168            50       0.02648
169            50       0.05227
170            50       0.07852
171            50       0.10483
172            50       0.13126
173            50       0.15776
174            50       0.18402
175            50       0.21053
176            50       0.23693
177            50        0.2634
178            50       0.28988
179            50       0.31637
180            50       0.34281
181            50       0.36923
182            50       0.39545
183            50       0.42191
184            50       0.44806
185            50       0.47458
186            50       0.50096
187            50       0.52722
188            50       0.55359
189            50       0.58005
190            50       0.60651
191            50       0.63273
192            50       0.65911
193            50       0.68552
194            50       0.71195
195            50       0.73843
196            50       0.76477
197            50        0.7912
198            50       0.81767
199            50       0.84407
200            50       0.87056
201            50         0.897
202            50        0.9235
203            50       0.94979
204            50       0.97548
205   50    1
129   19    0
206            19       0.01999
207            19       0.04681
208            19       0.07399
209            19       0.10078
210            19       0.12813
211            19       0.15551
212            19       0.18288
213            19       0.21014
214            19        0.2375
215            19       0.26489
216            19       0.29215
217            19       0.31941
218            19       0.34678
219            19       0.37397
220            19       0.40131
221            19       0.42866
222            19       0.45586
223            19         0.483
224            19       0.51016
225            19       0.53722
226            19        0.5644
227            19         0.591
228            19       0.61815
229            19       0.64519
230            19       0.67237
231            19       0.69969
232            19       0.72693
233            19       0.75428
234            19        0.7815
235            19       0.80881
236            19       0.83614
237            19       0.86325
238            19       0.89064
239            19       0.91796
240            19       0.94521
241            19       0.97261
242   19    1
242   51    0
243            51       0.03435
244            51       0.06874
245            51        0.1033
246            51       0.13775
247            51       0.17231
248            51       0.20685
249            51       0.24133
250            51       0.27575
251            51       0.31025
252            51       0.34468
253            51       0.37896
254            51       0.41326
255            51       0.44782
256            51       0.48238
257            51       0.51685
258            51        0.5512
259            51       0.58577
260            51       0.62011
261            51       0.65467
262            51       0.68915
263            51       0.72371
264            51        0.7582
265            51        0.7927
266            51       0.82729
267            51       0.86187
268            51       0.89645
269            51       0.93104
270            51       0.96541
271   51    1
108   20    0
272            20       0.02183
273            20       0.04357
274            20       0.06525
275            20       0.08704
276            20       0.10878
277            20       0.13059
278            20       0.15238
279            20       0.17406
280            20       0.19582
281            20       0.21763
282            20       0.23944
283            20       0.26124
284            20       0.28298
285            20       0.30471
286            20       0.32643
287            20       0.34822
288            20          0.37
289            20       0.39165
290            20       0.41343
291            20       0.43509
292            20        0.4568
293            20       0.47849
294            20        0.5003
295            20       0.52207
296            20       0.54376
297            20       0.56524
298            20       0.58702
299            20       0.60882
300            20       0.63059
301            20       0.65233
302            20       0.67411
303            20       0.69577
304            20        0.7175
305            20       0.73931
306            20       0.76111
307            20       0.78289
308            20       0.80457
309            20       0.82621
310            20       0.84778
311            20       0.86951
312            20       0.89131
313            20       0.91308
314            20       0.93481
315            20       0.95644
316            20       0.97821
317   20    1
317   52    0
318            52       0.01501
319            52       0.02974
320            52       0.04473
321            52        0.0597
322            52       0.07469
323            52       0.08952
324            52       0.10449
325            52        0.1195
326            52       0.13448
327            52        0.1495
328            52       0.16451
329            52       0.17934
330            52       0.19433
331            52       0.20926
332            52       0.22422
333            52       0.23901
334            52       0.25374
335            52       0.26837
336            52       0.28324
337            52       0.29801
338            52       0.31292
339            52       0.32793
340            52       0.34273
341            52        0.3577
342            52       0.37172
343            52        0.3862
344            52       0.40113
345            52       0.41613
346            52       0.43109
347            52       0.44595
348            52       0.46093
349            52       0.47577
350            52       0.49074
351            52        0.5057
352            52       0.52069
353            52       0.53567
354            52       0.55068
355            52       0.56559
356            52       0.58058
357            52       0.59547
358            52       0.61049
359            52        0.6255
360            52       0.64051
361            52       0.65552
362            52        0.6705
363            52       0.68551
364            52       0.70051
365            52       0.71551
366            52        0.7305
367            52       0.74545
368            52       0.76045
369            52       0.77543
370            52        0.7904
371            52       0.80539
372            52       0.82033
373            52       0.83526
374            52       0.85027
375            52       0.86527
376            52       0.88026
377            52       0.89515
378            52       0.91015
379            52       0.92511
380            52       0.94009
381            52        0.9551
382            52       0.97011
383            52       0.98498
384   52    1
76  21   0
385            21       0.11187
386            21       0.21108
387            21       0.31028
388            21       0.40949
389            21       0.50868
390            21       0.60788
391            21       0.70708
392            21       0.80627
393            21       0.90547
394   21    1
394   22    0
395            22        0.0141
396            22       0.02718
397            22       0.04035
398            22       0.05351
399            22       0.06668
400            22       0.07985
401            22       0.09302
402            22       0.10618
403            22       0.11934
404            22       0.13249
405            22       0.14566
406            22       0.15882
407            22       0.17197
408            22       0.18513
409            22        0.1983
410            22       0.21144
411            22       0.22459
412            22       0.23775
413            22       0.25092
414            22       0.26408
415            22       0.27724
416            22        0.2904
417            22       0.30356
418            22       0.31673
419            22       0.32989
420            22       0.34305
421            22        0.3562
422            22       0.36936
423            22       0.38252
424            22       0.39569
425            22       0.40886
426            22       0.42202
427            22       0.43519
428            22       0.44833
429            22       0.46148
430            22       0.47459
431            22       0.48776
432            22       0.50089
433            22       0.51401
434            22       0.52717
435            22       0.54032
436            22       0.55347
437            22       0.56658
438            22       0.57974
439            22       0.59281
440            22       0.60584
441            22       0.61894
442            22       0.63204
443            22       0.64519
444            22       0.65836
445            22       0.67152
446            22       0.68465
447            22       0.69781
448            22       0.71089
449            22       0.72402
450            22       0.73719
451            22       0.75024
452            22       0.76339
453            22       0.77656
454            22       0.78971
455            22       0.80286
456            22       0.81601
457            22       0.82909
458            22       0.84225
459            22       0.85542
460            22       0.86853
461            22       0.88167
462            22       0.89481
463            22       0.90793
464            22       0.92107
465            22       0.93422
466            22       0.94739
467            22       0.96053
468            22       0.97369
469            22       0.98684
470   22    1
470   53    0
471            53       0.01794
472            53        0.0359
473            53       0.05381
474            53       0.07175
475            53       0.08951
476            53       0.10744
477            53        0.1252
478            53       0.14297
479            53       0.16093
480            53       0.17888
481            53       0.19682
482            53       0.21477
483            53       0.23269
484            53       0.25024
485            53       0.26753
486            53       0.28544
487            53       0.30259
488            53       0.32041
489            53       0.33836
490            53       0.35605
491            53       0.37391
492            53       0.39183
493            53       0.40977
494            53        0.4277
495            53       0.44562
496            53       0.46355
497            53       0.48149
498            53       0.49939
499            53       0.51734
500            53       0.53523
501            53        0.5531
502            53       0.57094
503            53       0.58865
504            53       0.60636
505            53       0.62421
506            53       0.64208
507            53       0.66001
508            53       0.67792
509            53       0.69587
510            53       0.71381
511            53       0.73176
512            53       0.74969
513            53       0.76763
514            53       0.78558
515            53       0.80349
516            53       0.82141
517            53       0.83937
518            53       0.85733
519            53       0.87527
520            53        0.8932
521            53       0.91114
522            53       0.92902
523            53       0.94676
524            53        0.9647
525            53       0.98261
526   53    1
394   23    0
527            23       0.01324
528            23       0.02561
529            23       0.03797
530            23       0.05034
531            23       0.06271
532            23       0.07507
533            23       0.08744
534            23       0.09981
535            23       0.11218
536            23       0.12455
537            23       0.13691
538            23       0.14927
539            23       0.16164
540            23       0.17399
541            23       0.18635
542            23       0.19871
543            23       0.21105
544            23       0.22342
545            23       0.23577
546            23       0.24813
547            23       0.26049
548            23       0.27285
549            23       0.28521
550            23       0.29757
551            23       0.30994
552            23        0.3223
553            23       0.33465
554            23       0.34701
555            23       0.35935
556            23       0.37171
557            23       0.38404
558            23        0.3964
559            23       0.40873
560            23       0.42108
561            23       0.43345
562            23        0.4458
563            23       0.45817
564            23       0.47049
565            23       0.48274
566            23       0.49496
567            23       0.50731
568            23       0.51966
569            23       0.53198
570            23       0.54427
571            23       0.55663
572            23         0.569
573            23       0.58125
574            23       0.59354
575            23       0.60588
576            23       0.61824
577            23       0.63057
578            23       0.64291
579            23       0.65528
580            23       0.66761
581            23       0.67997
582            23       0.69234
583            23       0.70469
584            23       0.71703
585            23       0.72927
586            23       0.74142
587            23       0.75378
588            23       0.76602
589            23        0.7783
590            23       0.79054
591            23       0.80274
592            23       0.81503
593            23       0.82732
594            23       0.83969
595            23       0.85202
596            23       0.86437
597            23       0.87657
598            23       0.88893
599            23       0.90129
600            23       0.91365
601            23       0.92601
602            23       0.93831
603            23       0.95066
604            23       0.96298
605            23       0.97532
606            23       0.98767
607   23    1
607   54    0
608            54       0.14481
609            54       0.28943
610            54       0.43389
611            54       0.57801
612            54       0.72106
613            54       0.86237
614   54    1
56   7   0
615             7       0.04531
616             7       0.09059
617             7       0.13605
618             7       0.18154
619             7       0.22702
620             7       0.27249
621             7       0.31796
622             7       0.36344
623             7       0.40892
624             7       0.45439
625             7       0.49986
626             7       0.54534
627             7       0.59075
628             7       0.63624
629             7       0.68167
630             7       0.72716
631             7       0.77258
632             7       0.81807
633             7       0.86354
634             7       0.90902
635             7       0.95451
636    7    1
636   24    0
637            24        0.0317
638            24        0.0633
639            24       0.09499
640            24       0.12668
641            24       0.15841
642            24       0.19009
643            24       0.22181
644            24       0.25349
645            24       0.28512
646            24       0.31684
647            24       0.34852
648            24       0.38022
649            24       0.41193
650            24       0.44365
651            24       0.47539
652            24       0.50712
653            24       0.53885
654            24       0.57058
655            24       0.60231
656            24       0.63405
657            24        0.6657
658            24       0.69739
659            24       0.72906
660            24       0.76077
661            24       0.79251
662            24       0.82425
663            24       0.85595
664            24       0.88768
665            24        0.9194
666            24       0.95112
667            24       0.98281
668   24    1
668   25    0
669            25        0.0279
670            25       0.18893
671            25       0.34988
672            25       0.51194
673            25       0.67463
674            25       0.83737
675   25    1
675   26    0
676            26       0.02203
677            26       0.04426
678            26        0.0664
679            26       0.08859
680            26       0.11069
681            26       0.13292
682            26        0.1552
683            26       0.17748
684            26        0.1997
685            26       0.22176
686            26       0.24403
687            26       0.26631
688            26       0.28832
689            26       0.31033
690            26       0.33253
691            26       0.35449
692            26       0.37673
693            26       0.39887
694            26       0.42107
695            26       0.44333
696            26       0.46558
697            26       0.48783
698            26       0.51008
699            26       0.53237
700            26       0.55465
701            26        0.5769
702            26       0.59915
703            26       0.62142
704            26       0.64364
705            26        0.6659
706            26       0.68817
707            26       0.71045
708            26       0.73273
709            26       0.75498
710            26       0.77726
711            26       0.79954
712            26       0.82178
713            26       0.84402
714            26       0.86631
715            26       0.88858
716            26       0.91086
717            26       0.93315
718            26       0.95543
719            26       0.97771
720   26    1
720   55    0
721            55       0.02336
722            55       0.04672
723            55       0.07007
724            55       0.09343
725            55       0.11679
726            55       0.14017
727            55       0.16352
728            55       0.18688
729            55       0.21021
730            55       0.23358
731            55       0.25694
732            55       0.28032
733            55       0.30367
734            55       0.32704
735            55        0.3504
736            55       0.37374
737            55        0.3971
738            55       0.42047
739            55       0.44385
740            55        0.4672
741            55       0.49053
742            55       0.51391
743            55       0.53728
744            55       0.56047
745            55       0.58374
746            55       0.60706
747            55       0.63043
748            55       0.65378
749            55       0.67712
750            55       0.70047
751            55       0.72371
752            55       0.74702
753            55       0.77036
754            55       0.79372
755            55       0.81709
756            55       0.84046
757            55       0.86383
758            55       0.88707
759            55       0.91037
760            55       0.93329
761            55       0.95634
762            55       0.97662
763   55    1
675   27    0
764            27       0.02023
765            27       0.04097
766            27       0.06163
767            27       0.08251
768            27       0.10331
769            27       0.12414
770            27       0.14493
771            27       0.16571
772            27       0.18649
773            27       0.20739
774            27       0.22826
775            27       0.24912
776            27       0.27003
777            27       0.29079
778            27        0.3117
779            27        0.3326
780            27        0.3535
781            27       0.37436
782            27       0.39519
783            27       0.41607
784            27       0.43698
785            27       0.45787
786            27       0.47873
787            27       0.49961
788            27       0.52051
789            27       0.54137
790            27       0.56219
791            27       0.58295
792            27        0.6038
793            27       0.62461
794            27       0.64546
795            27       0.66635
796            27       0.68715
797            27       0.70795
798            27       0.72885
799            27       0.74964
800            27       0.77042
801            27       0.79133
802            27       0.81214
803            27       0.83303
804            27       0.85388
805            27       0.87471
806            27       0.89559
807            27       0.91647
808            27       0.93737
809            27       0.95824
810            27       0.97911
811   27    1
668   28    0
812            28       0.00709
813            28       0.02488
814            28       0.04257
815            28       0.06022
816            28       0.07797
817            28       0.09575
818            28       0.11354
819            28        0.1313
820            28       0.14904
821            28       0.16674
822            28       0.18455
823            28       0.20218
824            28       0.21976
825            28       0.23757
826            28       0.25471
827            28       0.27248
828            28       0.29016
829            28       0.30772
830            28        0.3255
831            28       0.34331
832            28       0.36107
833            28       0.37844
834            28       0.39593
835            28        0.4134
836            28        0.4312
837            28       0.44901
838            28       0.46682
839            28       0.48463
840            28       0.50243
841            28       0.52023
842            28       0.53804
843            28       0.55582
844            28       0.57363
845            28       0.59142
846            28       0.60922
847            28       0.62703
848            28       0.64484
849            28       0.66261
850            28       0.68041
851            28       0.69818
852            28        0.7159
853            28       0.73364
854            28       0.75136
855            28       0.76915
856            28       0.78693
857            28       0.80474
858            28       0.82255
859            28       0.84022
860            28         0.858
861            28       0.87576
862            28       0.89357
863            28       0.91127
864            28       0.92895
865            28       0.94664
866            28       0.96438
867            28       0.98218
868   28    1
43   8   0
869             8       0.02176
870             8       0.04398
871             8       0.06617
872             8       0.08845
873             8        0.1107
874             8       0.13297
875             8       0.15525
876             8       0.17753
877             8        0.1998
878             8       0.22208
879             8       0.24436
880             8       0.26663
881             8        0.2889
882             8       0.31115
883             8       0.33342
884             8       0.35565
885             8       0.37789
886             8       0.40016
887             8       0.42242
888             8       0.44469
889             8       0.46693
890             8       0.48919
891             8       0.51142
892             8       0.53368
893             8       0.55594
894             8       0.57821
895             8       0.60048
896             8       0.62273
897             8         0.645
898             8       0.66714
899             8       0.68936
900             8       0.71139
901             8       0.73365
902             8       0.75579
903             8       0.77806
904             8       0.80029
905             8       0.82256
906             8       0.84476
907             8       0.86699
908             8       0.88922
909             8       0.91139
910             8        0.9336
911             8       0.95587
912             8       0.97778
913    8    1
913   29    0
914            29       0.03228
915            29        0.0647
916            29       0.09714
917            29       0.12946
918            29       0.16191
919            29       0.19426
920            29        0.2266
921            29       0.25904
922            29        0.2913
923            29       0.32364
924            29       0.35606
925            29       0.38839
926            29       0.42075
927            29       0.45311
928            29       0.48514
929            29       0.51739
930            29       0.54971
931            29       0.58211
932            29       0.61432
933            29       0.64644
934            29       0.67873
935            29       0.71095
936            29       0.74305
937            29       0.77547
938            29       0.80785
939            29       0.84024
940            29       0.87255
941            29       0.90497
942            29       0.93732
943            29       0.96973
944   29    1
944   30    0
945            30       0.02044
946            30       0.03868
947            30       0.05694
948            30        0.0752
949            30       0.09347
950            30       0.11173
951            30       0.12998
952            30       0.14825
953            30       0.16651
954            30       0.18478
955            30       0.20303
956            30       0.22129
957            30       0.23954
958            30        0.2578
959            30       0.27605
960            30       0.29431
961            30       0.31258
962            30       0.33084
963            30        0.3491
964            30       0.36737
965            30        0.3856
966            30        0.4038
967            30       0.42205
968            30        0.4403
969            30       0.45839
970            30       0.47662
971            30       0.49483
972            30       0.51306
973            30       0.53133
974            30        0.5496
975            30       0.56775
976            30       0.58591
977            30       0.60408
978            30       0.62194
979            30       0.64007
980            30       0.65824
981            30       0.67651
982            30       0.69471
983            30       0.71266
984            30       0.73081
985            30       0.74854
986            30       0.76673
987            30       0.78499
988            30       0.80309
989            30       0.82133
990            30       0.83939
991            30       0.85764
992            30       0.87591
993            30       0.89418
994            30       0.91238
995            30       0.93055
996            30        0.9488
997            30       0.96682
998            30       0.98499
999   30    1
999   31    0
1000             31        0.17273
1001             31         0.3115
1002             31        0.44799
1003             31        0.58538
1004             31        0.72356
1005             31        0.86116
1006    31     1
1006    56     0
1007             56        0.02433
1008             56        0.04875
1009             56        0.07315
1010             56        0.09757
1011             56        0.12197
1012             56        0.14644
1013             56        0.17092
1014             56         0.1954
1015             56        0.21987
1016             56        0.24424
1017             56        0.26872
1018             56        0.29313
1019             56        0.31745
1020             56        0.34192
1021             56        0.36636
1022             56        0.39059
1023             56        0.41503
1024             56        0.43946
1025             56        0.46393
1026             56        0.48837
1027             56         0.5127
1028             56        0.53688
1029             56        0.56131
1030             56        0.58538
1031             56        0.60987
1032             56        0.63413
1033             56        0.65848
1034             56        0.68292
1035             56        0.70716
1036             56        0.73164
1037             56        0.75575
1038             56        0.78023
1039             56        0.80471
1040             56        0.82919
1041             56        0.85363
1042             56        0.87806
1043             56        0.90246
1044             56         0.9268
1045             56        0.95117
1046             56        0.97554
1047    56     1
999   32    0
1048             32        0.23478
1049             32        0.42641
1050             32        0.61626
1051             32        0.80821
1052    32     1
1052    57     0
1053             57        0.02871
1054             57        0.05743
1055             57         0.0861
1056             57        0.11478
1057             57        0.14348
1058             57         0.1723
1059             57         0.2011
1060             57        0.22991
1061             57        0.25838
1062             57        0.28721
1063             57        0.31582
1064             57        0.34459
1065             57        0.37335
1066             57        0.40199
1067             57        0.43072
1068             57        0.45945
1069             57        0.48808
1070             57        0.51691
1071             57        0.54549
1072             57        0.57404
1073             57        0.60273
1074             57        0.63157
1075             57        0.66037
1076             57        0.68574
1077             57        0.71456
1078             57        0.74129
1079             57        0.76974
1080             57        0.79848
1081             57        0.82713
1082             57        0.85591
1083             57        0.88463
1084             57        0.91346
1085             57        0.94231
1086             57        0.97115
1087    57     1
944   33    0
1088             33        0.03461
1089             33        0.06592
1090             33        0.09691
1091             33        0.12811
1092             33        0.15925
1093             33        0.19045
1094             33        0.22166
1095             33        0.25279
1096             33        0.28388
1097             33        0.31485
1098             33         0.3461
1099             33        0.37727
1100             33        0.40803
1101             33        0.43932
1102             33        0.47056
1103             33         0.5018
1104             33        0.53298
1105             33        0.56427
1106             33        0.59541
1107             33        0.62671
1108             33        0.65799
1109             33        0.68928
1110             33        0.72055
1111             33        0.75183
1112             33        0.78299
1113             33         0.8141
1114             33        0.84541
1115             33        0.87657
1116             33        0.90775
1117             33        0.93902
1118             33         0.9701
1119    33     1
1119    34     0
1120             34        0.03568
1121             34        0.06785
1122             34        0.10012
1123             34        0.13248
1124             34        0.16481
1125             34        0.19701
1126             34        0.22912
1127             34        0.26137
1128             34        0.29367
1129             34        0.32555
1130             34        0.35758
1131             34        0.38982
1132             34        0.42121
1133             34        0.45355
1134             34        0.48585
1135             34        0.51804
1136             34        0.55017
1137             34        0.58187
1138             34        0.61409
1139             34        0.64579
1140             34        0.67811
1141             34        0.71003
1142             34        0.74229
1143             34        0.77449
1144             34        0.80678
1145             34        0.83914
1146             34        0.87124
1147             34        0.90335
1148             34         0.9357
1149             34         0.9678
1150    34     1
1150    58     0
1151             58        0.02118
1152             58        0.04252
1153             58        0.06373
1154             58        0.08511
1155             58        0.10645
1156             58        0.12769
1157             58        0.14902
1158             58        0.17041
1159             58        0.19165
1160             58        0.21259
1161             58        0.23348
1162             58        0.25485
1163             58        0.27622
1164             58        0.29761
1165             58        0.31892
1166             58        0.34029
1167             58        0.36168
1168             58          0.383
1169             58         0.4044
1170             58        0.42573
1171             58        0.44711
1172             58        0.46806
1173             58        0.48943
1174             58        0.51078
1175             58        0.53218
1176             58        0.55354
1177             58        0.57485
1178             58        0.59621
1179             58        0.61752
1180             58        0.63866
1181             58        0.66005
1182             58         0.6813
1183             58        0.70259
1184             58        0.72383
1185             58        0.74514
1186             58         0.7664
1187             58        0.78778
1188             58        0.80916
1189             58        0.83056
1190             58        0.85196
1191             58        0.87336
1192             58        0.89476
1193             58        0.91614
1194             58        0.93744
1195             58        0.95883
1196             58        0.98016
1197    58     1
1119    35     0
1198             35        0.12143
1199             35        0.23087
1200             35        0.34075
1201             35        0.45056
1202             35        0.56091
1203             35        0.67131
1204             35        0.78156
1205             35        0.89117
1206    35     1
34   9   0
1207              9        0.02737
1208              9        0.04822
1209              9        0.07041
1210              9        0.09254
1211              9        0.11465
1212              9        0.13677
1213              9        0.15891
1214              9        0.18086
1215              9        0.20301
1216              9        0.22516
1217              9        0.24733
1218              9        0.26946
1219              9        0.29151
1220              9        0.31361
1221              9        0.33579
1222              9        0.35792
1223              9         0.3801
1224              9        0.40205
1225              9        0.42402
1226              9        0.44619
1227              9        0.46838
1228              9        0.49052
1229              9        0.51267
1230              9        0.53482
1231              9        0.55701
1232              9        0.57912
1233              9         0.6012
1234              9        0.62331
1235              9        0.64545
1236              9         0.6676
1237              9        0.68973
1238              9        0.71191
1239              9        0.73411
1240              9        0.75626
1241              9        0.77844
1242              9        0.80061
1243              9        0.82274
1244              9        0.84482
1245              9        0.86695
1246              9        0.88908
1247              9        0.91127
1248              9        0.93345
1249              9        0.95563
1250              9        0.97781
1251     9     1
1251    36     0
1252             36        0.02938
1253             36        0.05888
1254             36        0.08841
1255             36        0.11778
1256             36        0.14686
1257             36        0.17628
1258             36        0.20566
1259             36         0.2351
1260             36        0.26461
1261             36         0.2941
1262             36        0.32362
1263             36        0.35312
1264             36        0.38264
1265             36        0.41216
1266             36        0.44166
1267             36        0.47118
1268             36        0.50069
1269             36        0.53012
1270             36        0.55962
1271             36        0.58883
1272             36        0.61818
1273             36        0.64768
1274             36        0.67714
1275             36        0.70658
1276             36        0.73583
1277             36        0.76535
1278             36         0.7948
1279             36        0.82426
1280             36        0.85369
1281             36         0.8832
1282             36         0.9126
1283             36        0.94212
1284             36         0.9706
1285    36     1
1285    37     0
1286             37        0.11136
1287             37        0.22176
1288             37        0.33255
1289             37        0.44384
1290             37        0.55515
1291             37        0.66637
1292             37        0.77771
1293             37        0.88892
1294    37     1
1294    38     0
1295             38        0.02346
1296             38         0.0473
1297             38        0.07112
1298             38        0.09493
1299             38        0.11877
1300             38        0.14258
1301             38        0.16646
1302             38        0.19036
1303             38        0.21406
1304             38        0.23781
1305             38        0.26155
1306             38        0.28522
1307             38         0.3091
1308             38        0.33296
1309             38        0.35679
1310             38        0.38069
1311             38        0.40449
1312             38        0.42841
1313             38        0.45226
1314             38        0.47603
1315             38        0.49986
1316             38        0.52375
1317             38        0.54763
1318             38        0.57134
1319             38        0.59518
1320             38        0.61901
1321             38        0.64287
1322             38        0.66606
1323             38        0.68994
1324             38        0.71382
1325             38        0.73772
1326             38        0.76134
1327             38        0.78522
1328             38        0.80909
1329             38        0.83299
1330             38        0.85686
1331             38        0.88068
1332             38        0.90449
1333             38        0.92839
1334             38        0.95229
1335             38        0.97621
1336    38     1
1336    59     0
1337             59        0.01751
1338             59        0.03512
1339             59         0.0527
1340             59        0.07028
1341             59        0.08792
1342             59        0.10557
1343             59        0.12324
1344             59        0.14084
1345             59        0.15851
1346             59        0.17607
1347             59        0.19356
1348             59        0.21113
1349             59        0.22862
1350             59        0.24623
1351             59        0.26277
1352             59        0.28016
1353             59        0.29777
1354             59        0.31538
1355             59        0.33288
1356             59        0.35055
1357             59        0.36817
1358             59        0.38581
1359             59        0.40338
1360             59          0.421
1361             59        0.43853
1362             59        0.45619
1363             59        0.47383
1364             59        0.49146
1365             59         0.5091
1366             59         0.5267
1367             59        0.54436
1368             59        0.56203
1369             59        0.57956
1370             59        0.59722
1371             59        0.61463
1372             59         0.6323
1373             59        0.64997
1374             59        0.66755
1375             59        0.68513
1376             59         0.7028
1377             59        0.72047
1378             59        0.73778
1379             59        0.75529
1380             59        0.77297
1381             59        0.79064
1382             59        0.80831
1383             59        0.82585
1384             59         0.8435
1385             59          0.861
1386             59        0.87866
1387             59        0.89613
1388             59        0.91378
1389             59        0.93131
1390             59        0.94849
1391             59        0.96469
1392             59        0.98236
1393    59     1
1294    39     0
1394             39        0.02218
1395             39        0.04504
1396             39        0.06785
1397             39        0.09069
1398             39        0.11396
1399             39        0.13727
1400             39        0.16051
1401             39        0.18375
1402             39        0.20706
1403             39        0.23039
1404             39        0.25358
1405             39        0.27678
1406             39        0.30013
1407             39         0.3234
1408             39        0.34666
1409             39           0.37
1410             39         0.3933
1411             39        0.41665
1412             39        0.43996
1413             39        0.46329
1414             39        0.48662
1415             39        0.50996
1416             39         0.5333
1417             39        0.55659
1418             39         0.5799
1419             39        0.60321
1420             39        0.62653
1421             39        0.64986
1422             39        0.67321
1423             39        0.69653
1424             39        0.71987
1425             39        0.74322
1426             39        0.76657
1427             39        0.78992
1428             39        0.81327
1429             39        0.83658
1430             39        0.85991
1431             39        0.88326
1432             39        0.90661
1433             39        0.92996
1434             39        0.95331
1435             39        0.97665
1436    39     1
1436    60     0
1437             60        0.03134
1438             60        0.06269
1439             60        0.09402
1440             60        0.12537
1441             60        0.15672
1442             60        0.18807
1443             60        0.21942
1444             60        0.25076
1445             60        0.28211
1446             60        0.31346
1447             60        0.34481
1448             60        0.37616
1449             60        0.40739
1450             60        0.43873
1451             60        0.47001
1452             60        0.50133
1453             60        0.53268
1454             60        0.56394
1455             60        0.59505
1456             60        0.62638
1457             60        0.65765
1458             60        0.68897
1459             60        0.72001
1460             60         0.7513
1461             60        0.78253
1462             60        0.81271
1463             60        0.84341
1464             60        0.87472
1465             60        0.90606
1466             60        0.93734
1467             60        0.96865
1468    60     1
1285    40     0
1469             40        0.01136
1470             40        0.02244
1471             40        0.03483
1472             40        0.04713
1473             40        0.05948
1474             40        0.07188
1475             40        0.08425
1476             40        0.09665
1477             40        0.10905
1478             40        0.12145
1479             40        0.13381
1480             40        0.14615
1481             40        0.15855
1482             40         0.1709
1483             40         0.1833
1484             40        0.19568
1485             40        0.20803
1486             40        0.22042
1487             40        0.23279
1488             40         0.2452
1489             40        0.25759
1490             40        0.26999
1491             40        0.28239
1492             40         0.2948
1493             40         0.3072
1494             40        0.31961
1495             40        0.33201
1496             40        0.34442
1497             40        0.35683
1498             40        0.36922
1499             40        0.38162
1500             40        0.39402
1501             40        0.40633
1502             40        0.41864
1503             40        0.43105
1504             40        0.44345
1505             40        0.45586
1506             40        0.46826
1507             40        0.48066
1508             40        0.49306
1509             40        0.50546
1510             40        0.51784
1511             40        0.53021
1512             40        0.54261
1513             40        0.55499
1514             40        0.56739
1515             40        0.57979
1516             40         0.5921
1517             40        0.60448
1518             40        0.61679
1519             40        0.62919
1520             40        0.64158
1521             40        0.65396
1522             40        0.66636
1523             40        0.67875
1524             40        0.69111
1525             40        0.70349
1526             40        0.71583
1527             40        0.72821
1528             40        0.74059
1529             40        0.75299
1530             40        0.76535
1531             40        0.77772
1532             40        0.79005
1533             40        0.80242
1534             40        0.81478
1535             40        0.82711
1536             40         0.8395
1537             40        0.85189
1538             40        0.86425
1539             40        0.87661
1540             40        0.88899
1541             40        0.90137
1542             40        0.91358
1543             40        0.92595
1544             40        0.93832
1545             40        0.95068
1546             40        0.96296
1547             40        0.97527
1548             40        0.98761
1549    40     1
1549    61     0
1550             61        0.04827
1551             61         0.0967
1552             61        0.14221
1553             61         0.1883
1554             61         0.2366
1555             61        0.28303
1556             61        0.32975
1557             61        0.37779
1558             61        0.42596
1559             61        0.47414
1560             61        0.52257
1561             61        0.56989
1562             61        0.61827
1563             61        0.66598
1564             61        0.71431
1565             61        0.76272
1566             61        0.80987
1567             61        0.85696
1568             61        0.90536
1569             61        0.95233
1570    61     1
17   2   0
1571              2        0.08472
1572              2        0.17843
1573              2        0.27015
1574              2        0.34747
1575              2        0.43719
1576              2        0.52946
1577              2        0.62371
1578              2         0.7175
1579              2        0.81174
1580              2        0.90576
1581     2     1
1581    10     0
1582             10        0.04232
1583             10        0.08464
1584             10         0.1269
1585             10        0.16911
1586             10         0.2112
1587             10         0.2533
1588             10        0.29518
1589             10        0.33703
1590             10         0.3775
1591             10        0.41814
1592             10        0.46046
1593             10        0.50205
1594             10        0.54419
1595             10        0.58623
1596             10        0.62824
1597             10        0.67054
1598             10        0.71285
1599             10        0.75512
1600             10        0.79735
1601             10        0.83899
1602             10        0.87966
1603             10        0.92178
1604             10        0.95849
1605    10     1
1605    11     0
1606             11        0.04647
1607             11        0.09367
1608             11        0.14019
1609             11        0.18734
1610             11        0.23504
1611             11         0.2829
1612             11        0.33081
1613             11        0.37872
1614             11        0.42654
1615             11        0.47429
1616             11         0.5222
1617             11        0.56999
1618             11        0.61791
1619             11        0.66578
1620             11        0.71365
1621             11        0.76147
1622             11        0.80879
1623             11        0.85653
1624             11        0.90439
1625             11        0.95222
1626    11     1
1626    41     0
1627             41        0.05573
1628             41        0.11145
1629             41         0.1671
1630             41         0.2228
1631             41        0.27848
1632             41        0.33387
1633             41         0.3896
1634             41        0.44532
1635             41        0.50096
1636             41        0.55665
1637             41        0.61229
1638             41        0.66799
1639             41        0.72372
1640             41        0.77945
1641             41        0.83516
1642             41        0.89089
1643             41        0.94662
1644    41     1
1644    42     0
1645             42        0.02059
1646             42        0.03972
1647             42        0.05891
1648             42        0.07813
1649             42        0.09735
1650             42        0.11658
1651             42         0.1358
1652             42        0.15502
1653             42        0.17425
1654             42        0.19348
1655             42        0.21271
1656             42        0.23194
1657             42        0.25116
1658             42        0.27039
1659             42        0.28962
1660             42        0.30885
1661             42        0.32808
1662             42        0.34731
1663             42        0.36654
1664             42        0.38576
1665             42        0.40499
1666             42        0.42421
1667             42        0.44344
1668             42        0.46267
1669             42         0.4819
1670             42        0.50108
1671             42         0.5203
1672             42        0.53951
1673             42        0.55873
1674             42        0.57795
1675             42        0.59717
1676             42         0.6164
1677             42        0.63562
1678             42        0.65484
1679             42        0.67406
1680             42        0.69328
1681             42        0.71249
1682             42        0.73169
1683             42        0.75093
1684             42        0.77013
1685             42        0.78935
1686             42        0.80858
1687             42         0.8278
1688             42        0.84702
1689             42         0.8662
1690             42        0.88542
1691             42        0.90463
1692             42        0.92385
1693             42        0.94307
1694             42        0.96229
1695             42        0.98149
1696    42     1
1696    43     0
1697             43        0.08671
1698             43        0.16979
1699             43        0.25287
1700             43        0.33593
1701             43        0.41899
1702             43        0.50192
1703             43          0.585
1704             43        0.66787
1705             43        0.75082
1706             43        0.83382
1707             43         0.9169
1708    43     1
1708    62     0
1709             62        0.01848
1710             62        0.03701
1711             62        0.05556
1712             62        0.07412
1713             62        0.09268
1714             62        0.11123
1715             62        0.12979
1716             62        0.14832
1717             62        0.16684
1718             62        0.18537
1719             62        0.20391
1720             62        0.22243
1721             62        0.24094
1722             62        0.25948
1723             62        0.27796
1724             62        0.29651
1725             62        0.31505
1726             62        0.33362
1727             62        0.35215
1728             62        0.37064
1729             62         0.3891
1730             62        0.40766
1731             62        0.42618
1732             62        0.44473
1733             62        0.46294
1734             62        0.48147
1735             62        0.49972
1736             62        0.51826
1737             62        0.53677
1738             62        0.55513
1739             62        0.57369
1740             62        0.59218
1741             62        0.61074
1742             62         0.6293
1743             62        0.64786
1744             62        0.66641
1745             62        0.68495
1746             62         0.7035
1747             62        0.72203
1748             62        0.74052
1749             62        0.75895
1750             62        0.77749
1751             62        0.79599
1752             62         0.8145
1753             62        0.83306
1754             62        0.85161
1755             62        0.87017
1756             62        0.88867
1757             62         0.9072
1758             62        0.92576
1759             62        0.94432
1760             62        0.96287
1761             62        0.98144
1762    62     1
1696    44     0
1763             44        0.09426
1764             44        0.18284
1765             44        0.27372
1766             44        0.36432
1767             44        0.45517
1768             44        0.54602
1769             44        0.63699
1770             44        0.72795
1771             44        0.81848
1772             44        0.90926
1773    44     1
1773    63     0
1774             63        0.02142
1775             63        0.04287
1776             63         0.0643
1777             63        0.08574
1778             63        0.10719
1779             63        0.12857
1780             63         0.1499
1781             63        0.17132
1782             63        0.19278
1783             63        0.21427
1784             63        0.23572
1785             63        0.25708
1786             63         0.2783
1787             63        0.29975
1788             63        0.32094
1789             63        0.34205
1790             63        0.36324
1791             63        0.38473
1792             63        0.40619
1793             63        0.42768
1794             63        0.44906
1795             63        0.46997
1796             63        0.49102
1797             63        0.51224
1798             63        0.53348
1799             63        0.55478
1800             63        0.57625
1801             63        0.59769
1802             63        0.61887
1803             63        0.64025
1804             63        0.66149
1805             63        0.68285
1806             63        0.70426
1807             63        0.72561
1808             63        0.74708
1809             63        0.76842
1810             63        0.78978
1811             63        0.81124
1812             63        0.83271
1813             63        0.85415
1814             63        0.87556
1815             63        0.89698
1816             63        0.91663
1817             63        0.93576
1818             63        0.95719
1819             63         0.9786
1820    63     1
1644    45     0
1821             45        0.01326
1822             45        0.02562
1823             45          0.038
1824             45        0.05038
1825             45        0.06276
1826             45        0.07514
1827             45        0.08752
1828             45        0.09989
1829             45        0.11227
1830             45        0.12466
1831             45        0.13704
1832             45        0.14942
1833             45        0.16181
1834             45        0.17419
1835             45        0.18657
1836             45        0.19895
1837             45        0.21134
1838             45        0.22372
1839             45         0.2361
1840             45        0.24848
1841             45        0.26086
1842             45        0.27324
1843             45        0.28563
1844             45          0.298
1845             45        0.31034
1846             45        0.32273
1847             45        0.33508
1848             45        0.34746
1849             45        0.35983
1850             45         0.3722
1851             45        0.38453
1852             45        0.39691
1853             45        0.40927
1854             45        0.42163
1855             45        0.43398
1856             45        0.44635
1857             45        0.45868
1858             45        0.47106
1859             45        0.48316
1860             45        0.49554
1861             45         0.5077
1862             45           0.52
1863             45        0.53238
1864             45         0.5447
1865             45        0.55689
1866             45        0.56926
1867             45        0.58156
1868             45        0.59375
1869             45        0.60597
1870             45        0.61834
1871             45        0.63069
1872             45        0.64307
1873             45         0.6554
1874             45        0.66759
1875             45        0.67985
1876             45        0.69217
1877             45        0.70447
1878             45         0.7168
1879             45        0.72907
1880             45        0.74131
1881             45        0.75362
1882             45        0.76597
1883             45        0.77831
1884             45        0.79068
1885             45        0.80307
1886             45        0.81534
1887             45        0.82772
1888             45        0.83991
1889             45         0.8522
1890             45        0.86453
1891             45        0.87679
1892             45        0.88904
1893             45        0.90132
1894             45        0.91359
1895             45        0.92596
1896             45        0.93834
1897             45        0.95067
1898             45          0.963
1899             45        0.97531
1900             45        0.98767
1901    45     1
1901    64     0
1902             64        0.02574
1903             64        0.05157
1904             64        0.07705
1905             64        0.10271
1906             64        0.12833
1907             64        0.15365
1908             64        0.17922
1909             64        0.20476
1910             64        0.23005
1911             64        0.25582
1912             64        0.28156
1913             64        0.30735
1914             64        0.33311
1915             64        0.35886
1916             64        0.38465
1917             64        0.41032
1918             64        0.43606
1919             64        0.46185
1920             64        0.48761
1921             64        0.51337
1922             64        0.53917
1923             64        0.56487
1924             64        0.59059
1925             64        0.61636
1926             64        0.64201
1927             64        0.66778
1928             64        0.69316
1929             64        0.71838
1930             64        0.74348
1931             64         0.7686
1932             64        0.79442
1933             64        0.82018
1934             64        0.84601
1935             64        0.87177
1936             64        0.89753
1937             64        0.92328
1938             64        0.94848
1939             64        0.97425
1940    64     1
1605    12     0
1941             12        0.23435
1942             12        0.48358
1943             12        0.74124
1944    12     1
1944    13     0
1945             13         0.0587
1946             13        0.11749
1947             13        0.17633
1948             13        0.23517
1949             13        0.29403
1950             13        0.35286
1951             13        0.41168
1952             13        0.47054
1953             13        0.52939
1954             13        0.58824
1955             13         0.6471
1956             13         0.7059
1957             13        0.76476
1958             13        0.82358
1959             13        0.88238
1960             13        0.94118
1961    13     1
1961    46     0
1962             46        0.02045
1963             46        0.04091
1964             46        0.06134
1965             46        0.08178
1966             46         0.1022
1967             46        0.12267
1968             46        0.14314
1969             46        0.16361
1970             46        0.18407
1971             46        0.20453
1972             46        0.22501
1973             46        0.24546
1974             46        0.26588
1975             46        0.28635
1976             46        0.30677
1977             46        0.32719
1978             46        0.34766
1979             46        0.36813
1980             46         0.3886
1981             46        0.40905
1982             46        0.42951
1983             46        0.44997
1984             46         0.4704
1985             46        0.49081
1986             46        0.51119
1987             46        0.53164
1988             46         0.5521
1989             46        0.57245
1990             46        0.59282
1991             46        0.61329
1992             46        0.63374
1993             46        0.65417
1994             46        0.67444
1995             46        0.69483
1996             46        0.71519
1997             46        0.73561
1998             46        0.75601
1999             46        0.77635
2000             46        0.79623
2001             46        0.81669
2002             46        0.83707
2003             46        0.85754
2004             46        0.87798
2005             46        0.89846
2006             46        0.91891
2007             46        0.93937
2008             46        0.95984
2009             46        0.98014
2010    46     1
2010    47     0
2011             47         0.0246
2012             47        0.04786
2013             47        0.07108
2014             47        0.09434
2015             47        0.11756
2016             47        0.14084
2017             47        0.16406
2018             47        0.18731
2019             47        0.21045
2020             47        0.23373
2021             47        0.25691
2022             47        0.28011
2023             47        0.30323
2024             47        0.32637
2025             47        0.34962
2026             47        0.37289
2027             47        0.39612
2028             47        0.41937
2029             47        0.44265
2030             47        0.46591
2031             47        0.48918
2032             47        0.51236
2033             47        0.53564
2034             47        0.55878
2035             47        0.58201
2036             47        0.60528
2037             47        0.62829
2038             47        0.65154
2039             47        0.67474
2040             47        0.69802
2041             47        0.72125
2042             47        0.74444
2043             47        0.76767
2044             47        0.79091
2045             47        0.81415
2046             47        0.83733
2047             47        0.86058
2048             47        0.88384
2049             47        0.90704
2050             47        0.93031
2051             47        0.95347
2052             47        0.97675
2053    47     1
2053    65     0
2054             65        0.02976
2055             65        0.05954
2056             65        0.08883
2057             65        0.11855
2058             65         0.1483
2059             65        0.17794
2060             65        0.20691
2061             65         0.2366
2062             65         0.2661
2063             65        0.29588
2064             65        0.32418
2065             65        0.35392
2066             65        0.38162
2067             65        0.41111
2068             65         0.4408
2069             65        0.47059
2070             65        0.50037
2071             65        0.52773
2072             65         0.5556
2073             65        0.58526
2074             65        0.61373
2075             65        0.64325
2076             65        0.67278
2077             65        0.70249
2078             65        0.73227
2079             65        0.76203
2080             65        0.79178
2081             65        0.82158
2082             65        0.85135
2083             65        0.88113
2084             65        0.91087
2085             65        0.94062
2086             65        0.97019
2087    65     1
2010    48     0
2088             48        0.02163
2089             48        0.04251
2090             48        0.06304
2091             48        0.08385
2092             48        0.10475
2093             48        0.12544
2094             48        0.14626
2095             48        0.16713
2096             48        0.18793
2097             48        0.20879
2098             48        0.22953
2099             48        0.25042
2100             48        0.27119
2101             48        0.29208
2102             48        0.31298
2103             48        0.33387
2104             48        0.35476
2105             48        0.37548
2106             48        0.39635
2107             48         0.4171
2108             48        0.43783
2109             48        0.45846
2110             48        0.47921
2111             48        0.49972
2112             48        0.52061
2113             48        0.54151
2114             48        0.56241
2115             48        0.58332
2116             48        0.60419
2117             48        0.62495
2118             48        0.64574
2119             48        0.66663
2120             48         0.6875
2121             48         0.7084
2122             48         0.7293
2123             48         0.7502
2124             48        0.77111
2125             48        0.79194
2126             48        0.81284
2127             48        0.83366
2128             48         0.8543
2129             48        0.87507
2130             48        0.89592
2131             48        0.91675
2132             48        0.93759
2133             48        0.95834
2134             48        0.97923
2135    48     1
1944    14     0
2136             14        0.06661
2137             14        0.13327
2138             14        0.19996
2139             14        0.26663
2140             14        0.33329
2141             14        0.39997
2142             14        0.46661
2143             14        0.53328
2144             14         0.5999
2145             14        0.66657
2146             14        0.73325
2147             14        0.79994
2148             14        0.86662
2149             14        0.93331
2150    14     1
2150    49     0
2151             49        0.01238
2152             49        0.02476
2153             49        0.03714
2154             49        0.04951
2155             49        0.06189
2156             49        0.07426
2157             49        0.08662
2158             49          0.099
2159             49        0.11137
2160             49        0.12375
2161             49        0.13611
2162             49        0.14849
2163             49        0.16086
2164             49        0.17321
2165             49        0.18556
2166             49        0.19791
2167             49        0.21029
2168             49        0.22267
2169             49        0.23504
2170             49        0.24742
2171             49        0.25978
2172             49        0.27214
2173             49        0.28451
2174             49        0.29689
2175             49        0.30926
2176             49        0.32164
2177             49        0.33402
2178             49        0.34639
2179             49        0.35877
2180             49        0.37114
2181             49        0.38352
2182             49        0.39589
2183             49        0.40826
2184             49        0.42061
2185             49        0.43298
2186             49        0.44535
2187             49        0.45773
2188             49        0.47008
2189             49        0.48242
2190             49        0.49479
2191             49        0.50715
2192             49        0.51953
2193             49        0.53187
2194             49        0.54421
2195             49        0.55656
2196             49        0.56891
2197             49        0.58124
2198             49        0.59353
2199             49        0.60591
2200             49        0.61823
2201             49         0.6306
2202             49        0.64297
2203             49        0.65535
2204             49        0.66769
2205             49        0.68005
2206             49         0.6924
2207             49        0.70471
2208             49        0.71697
2209             49        0.72934
2210             49        0.74167
2211             49        0.75392
2212             49        0.76614
2213             49        0.77851
2214             49        0.79086
2215             49        0.80323
2216             49        0.81556
2217             49        0.82791
2218             49        0.84026
2219             49        0.85258
2220             49        0.86494
2221             49        0.87717
2222             49        0.88927
2223             49        0.90161
2224             49        0.91367
2225             49        0.92599
2226             49        0.93837
2227             49        0.95073
2228             49        0.96311
2229             49        0.97541
2230             49        0.98775
2231    49     1
2231    66     0
2232             66        0.06278
2233             66        0.12507
2234             66        0.18812
2235             66        0.25101
2236             66        0.31406
2237             66        0.37715
2238             66        0.44017
2239             66        0.50323
2240             66        0.56628
2241             66         0.6284
2242             66        0.69109
2243             66        0.75398
2244             66        0.81695
2245             66        0.87992
2246             66        0.94261
2247    66     1
2247    67     0
2248             67        0.03349
2249             67          0.064
2250             67        0.09441
2251             67        0.12492
2252             67        0.15524
2253             67        0.18571
2254             67        0.21599
2255             67        0.24636
2256             67        0.27682
2257             67        0.30695
2258             67        0.33722
2259             67        0.36763
2260             67         0.3981
2261             67        0.42831
2262             67        0.45789
2263             67        0.48814
2264             67         0.5182
2265             67        0.54819
2266             67        0.57674
2267             67        0.60648
2268             67        0.63656
2269             67        0.66609
2270             67        0.69653
2271             67        0.72701
2272             67        0.75739
2273             67        0.78729
2274             67        0.81725
2275             67         0.8476
2276             67        0.87808
2277             67        0.90859
2278             67        0.93899
2279             67         0.9695
2280    67     1
2247    68     0
2281             68        0.06414
2282             68        0.11945
2283             68        0.17425
2284             68        0.22953
2285             68         0.2847
2286             68        0.34008
2287             68        0.39554
2288             68        0.45105
2289             68        0.50645
2290             68        0.56152
2291             68        0.61545
2292             68        0.67096
2293             68        0.72648
2294             68        0.78185
2295             68        0.83698
2296             68        0.89246
2297             68        0.94719
2298    68     1
1  71   0
2299             71        0.10902
2300             71        0.22088
2301             71        0.33275
2302             71         0.4447
2303             71        0.55652
2304             71        0.66851
2305             71        0.77996
2306             71        0.88833
2307    71     1
2307    72     0
2308             72        0.04063
2309             72        0.08025
2310             72        0.12017
2311             72        0.15985
2312             72        0.19772
2313             72        0.23835
2314             72        0.27899
2315             72        0.31963
2316             72        0.36025
2317             72        0.40081
2318             72         0.4413
2319             72        0.48183
2320             72        0.52244
2321             72        0.56229
2322             72        0.60253
2323             72        0.63969
2324             72        0.67926
2325             72        0.71985
2326             72        0.76023
2327             72        0.80031
2328             72        0.84067
2329             72        0.88035
2330             72        0.91921
2331             72        0.95976
2332    72     1
