0  61   0
1  61   1
1  62   0
2           62       0.1999
3           62      0.39932
4           62      0.60004
5           62      0.79981
6  62   1
6  0  0
7           0     0.49987
8  0  1
8  1  0
9           1     0.03635
10            1      0.07285
11            1       0.1092
12            1      0.14567
13            1      0.18218
14            1      0.21854
15            1      0.25483
16            1      0.29058
17            1      0.32697
18            1      0.36346
19            1      0.39997
20            1      0.43628
21            1      0.47271
22            1      0.50917
23            1      0.54527
24            1      0.58144
25            1      0.61774
26            1      0.65307
27            1      0.68928
28            1      0.72556
29            1      0.75825
30            1      0.79049
31            1      0.82687
32            1      0.86335
33            1      0.89968
34            1      0.93619
35            1      0.97204
36   1   1
36   2   0
37            2      0.05006
38            2      0.08793
39            2      0.12595
40            2      0.16404
41            2      0.20215
42            2      0.24014
43            2      0.27823
44            2      0.31623
45            2       0.3541
46            2      0.39218
47            2      0.43031
48            2       0.4684
49            2      0.50606
50            2      0.54366
51            2      0.58128
52            2      0.61935
53            2      0.65725
54            2      0.69537
55            2      0.73347
56            2      0.77149
57            2      0.80954
58            2      0.84762
59            2      0.88573
60            2      0.92383
61            2       0.9619
62   2   1
62   3   0
63            3      0.13383
64            3      0.27741
65            3      0.42139
66            3      0.56596
67            3      0.71018
68            3      0.85541
69   3   1
69  15   0
70           15      0.02369
71           15      0.04755
72           15      0.07129
73           15      0.09504
74           15      0.11889
75           15      0.14275
76           15      0.16661
77           15      0.19047
78           15      0.21426
79           15      0.23813
80           15      0.26197
81           15       0.2857
82           15      0.30951
83           15      0.33326
84           15       0.3571
85           15       0.3809
86           15      0.40476
87           15      0.42862
88           15      0.45228
89           15       0.4761
90           15      0.49996
91           15      0.52383
92           15      0.54738
93           15      0.57117
94           15      0.59486
95           15      0.61866
96           15      0.64251
97           15      0.66637
98           15      0.69018
99           15      0.71403
100            15       0.73786
101            15       0.76169
102            15       0.78555
103            15        0.8093
104            15       0.83311
105            15       0.85698
106            15       0.88083
107            15       0.90464
108            15       0.92849
109            15       0.95234
110            15       0.97616
111   15    1
111   26    0
112            26       0.06431
113            26       0.13047
114            26       0.19764
115            26       0.26479
116            26       0.33187
117            26       0.39849
118            26       0.46485
119            26       0.53204
120            26        0.5992
121            26       0.66635
122            26       0.73323
123            26        0.8004
124            26       0.86742
125            26       0.93403
126   26    1
126   27    0
127            27       0.02213
128            27       0.04551
129            27       0.06854
130            27        0.0919
131            27       0.11533
132            27       0.13863
133            27        0.1619
134            27       0.18532
135            27       0.20869
136            27       0.23204
137            27       0.25545
138            27       0.27878
139            27        0.3019
140            27       0.32487
141            27       0.34828
142            27       0.37167
143            27       0.39508
144            27       0.41842
145            27       0.44181
146            27       0.46457
147            27       0.48793
148            27       0.51135
149            27       0.53464
150            27       0.55801
151            27       0.58144
152            27       0.60487
153            27       0.62807
154            27       0.65143
155            27        0.6748
156            27       0.69817
157            27        0.7214
158            27       0.74472
159            27       0.76803
160            27       0.79141
161            27       0.81466
162            27       0.83805
163            27       0.86143
164            27       0.88479
165            27       0.90822
166            27       0.93141
167            27       0.95445
168            27       0.97759
169   27    1
169   28    0
170            28        0.0444
171            28       0.08609
172            28       0.12763
173            28       0.16919
174            28       0.21083
175            28       0.25253
176            28       0.29424
177            28       0.33592
178            28       0.37727
179            28       0.41895
180            28       0.45962
181            28       0.50101
182            28       0.54246
183            28       0.58405
184            28       0.62567
185            28       0.66733
186            28       0.70902
187            28        0.7506
188            28       0.79225
189            28       0.83397
190            28       0.87565
191            28        0.9172
192            28       0.95837
193   28    1
193   47    0
194            47       0.01458
195            47       0.02911
196            47       0.04369
197            47       0.05826
198            47        0.0728
199            47       0.08736
200            47       0.10187
201            47        0.1164
202            47       0.13088
203            47       0.14542
204            47       0.15999
205            47       0.17453
206            47       0.18906
207            47       0.20338
208            47       0.21785
209            47       0.23235
210            47       0.24687
211            47       0.26128
212            47       0.27585
213            47       0.29035
214            47       0.30481
215            47        0.3193
216            47       0.33378
217            47       0.34835
218            47       0.36271
219            47       0.37717
220            47       0.39171
221            47       0.40619
222            47       0.42077
223            47       0.43529
224            47        0.4498
225            47       0.46436
226            47       0.47892
227            47       0.49349
228            47       0.50802
229            47       0.52252
230            47         0.537
231            47       0.55151
232            47       0.56606
233            47       0.58057
234            47       0.59503
235            47       0.60935
236            47       0.62378
237            47       0.63832
238            47       0.65282
239            47       0.66737
240            47       0.68183
241            47        0.6963
242            47       0.71084
243            47       0.72541
244            47       0.73972
245            47       0.75408
246            47       0.76858
247            47       0.78309
248            47       0.79737
249            47       0.81194
250            47       0.82641
251            47       0.84095
252            47        0.8555
253            47       0.87006
254            47       0.88464
255            47        0.8992
256            47        0.9136
257            47       0.92751
258            47       0.94207
259            47       0.95664
260            47       0.97116
261            47       0.98544
262   47    1
169   29    0
263            29       0.04592
264            29       0.08868
265            29       0.13182
266            29       0.17506
267            29       0.21851
268            29       0.26205
269            29       0.30559
270            29       0.34899
271            29       0.39238
272            29       0.43524
273            29       0.47861
274            29       0.52218
275            29       0.56574
276            29        0.6093
277            29       0.65287
278            29       0.69632
279            29        0.7398
280            29       0.78324
281            29       0.82662
282            29       0.86981
283            29       0.91311
284            29       0.95657
285   29    1
285   48    0
286            48       0.01826
287            48       0.03655
288            48       0.05483
289            48       0.07303
290            48       0.09127
291            48       0.10918
292            48        0.1274
293            48       0.14546
294            48       0.16369
295            48       0.18182
296            48       0.20003
297            48        0.2181
298            48       0.23629
299            48       0.25455
300            48       0.27282
301            48       0.29102
302            48       0.30929
303            48       0.32753
304            48       0.34566
305            48       0.36395
306            48       0.38217
307            48        0.4004
308            48       0.41868
309            48       0.43677
310            48        0.4549
311            48       0.47293
312            48       0.49102
313            48       0.50925
314            48       0.52744
315            48       0.54565
316            48       0.56382
317            48       0.58209
318            48       0.60018
319            48       0.61843
320            48       0.63662
321            48        0.6549
322            48       0.67316
323            48        0.6914
324            48       0.70965
325            48       0.72782
326            48       0.74608
327            48       0.76434
328            48       0.78261
329            48        0.8009
330            48       0.81906
331            48       0.83695
332            48        0.8551
333            48        0.8732
334            48       0.89148
335            48       0.90975
336            48       0.92791
337            48       0.94565
338            48       0.96387
339            48       0.98193
340   48    1
126   30    0
341            30       0.01383
342            30        0.0277
343            30       0.04155
344            30       0.05547
345            30       0.06941
346            30       0.08333
347            30       0.09724
348            30       0.11101
349            30       0.12493
350            30       0.13881
351            30       0.15273
352            30       0.16659
353            30       0.18051
354            30       0.19439
355            30       0.20832
356            30        0.2222
357            30       0.23601
358            30       0.24989
359            30       0.26367
360            30       0.27739
361            30       0.29128
362            30       0.30521
363            30       0.31916
364            30       0.33307
365            30       0.34699
366            30       0.36085
367            30       0.37475
368            30       0.38861
369            30       0.40253
370            30       0.41644
371            30       0.43023
372            30       0.44404
373            30       0.45793
374            30       0.47185
375            30       0.48579
376            30       0.49972
377            30       0.51365
378            30       0.52755
379            30       0.54146
380            30       0.55538
381            30       0.56931
382            30       0.58324
383            30       0.59717
384            30       0.61108
385            30       0.62498
386            30       0.63888
387            30       0.65282
388            30       0.66675
389            30       0.68063
390            30       0.69457
391            30       0.70847
392            30        0.7224
393            30       0.73629
394            30        0.7502
395            30        0.7641
396            30         0.778
397            30        0.7919
398            30       0.80582
399            30       0.81975
400            30       0.83367
401            30       0.84761
402            30       0.86153
403            30        0.8753
404            30       0.88887
405            30       0.90271
406            30       0.91657
407            30        0.9305
408            30       0.94444
409            30       0.95838
410            30       0.97231
411            30       0.98614
412   30    1
412   49    0
413            49       0.02222
414            49       0.04452
415            49       0.06684
416            49       0.08908
417            49       0.11141
418            49       0.13374
419            49       0.15456
420            49       0.17659
421            49       0.19891
422            49       0.22109
423            49       0.24339
424            49       0.26569
425            49         0.288
426            49       0.31022
427            49        0.3325
428            49       0.35481
429            49       0.37706
430            49       0.39938
431            49        0.4216
432            49        0.4439
433            49       0.46622
434            49       0.48846
435            49        0.5107
436            49       0.53302
437            49        0.5551
438            49       0.57704
439            49       0.59935
440            49       0.62168
441            49       0.64396
442            49       0.66618
443            49       0.68845
444            49       0.71068
445            49       0.73285
446            49       0.75507
447            49        0.7773
448            49        0.7996
449            49        0.8219
450            49       0.84423
451            49       0.86654
452            49       0.88871
453            49        0.9109
454            49       0.93317
455            49       0.95541
456            49       0.97769
457   49    1
62   4   0
458             4       0.12177
459             4       0.24751
460             4       0.37317
461             4       0.49884
462             4       0.62456
463             4       0.74955
464             4       0.87485
465    4    1
465   16    0
466            16       0.12465
467            16       0.24973
468            16       0.37487
469            16       0.49995
470            16       0.62496
471            16       0.75011
472            16       0.87486
473   16    1
473   17    0
474            17       0.01946
475            17       0.04599
476            17       0.07583
477            17        0.1057
478            17       0.13567
479            17       0.16563
480            17       0.19558
481            17       0.22554
482            17       0.25547
483            17       0.28539
484            17       0.31534
485            17       0.34531
486            17       0.37528
487            17       0.40525
488            17       0.43518
489            17       0.46515
490            17       0.49488
491            17       0.52474
492            17       0.55469
493            17       0.58392
494            17       0.61348
495            17       0.64334
496            17       0.67286
497            17       0.70257
498            17       0.73223
499            17       0.76201
500            17       0.79194
501            17       0.82184
502            17       0.85169
503            17       0.88157
504            17       0.91105
505            17       0.94051
506            17       0.97006
507   17    1
507   31    0
508            31       0.01263
509            31       0.02529
510            31       0.03795
511            31       0.05056
512            31       0.06321
513            31       0.07588
514            31       0.08854
515            31       0.10116
516            31       0.11377
517            31       0.12645
518            31       0.13907
519            31       0.15167
520            31       0.16434
521            31       0.17697
522            31       0.18956
523            31       0.20219
524            31       0.21486
525            31       0.22754
526            31       0.24021
527            31       0.25288
528            31       0.26554
529            31       0.27817
530            31       0.29082
531            31        0.3035
532            31       0.31616
533            31       0.32882
534            31        0.3415
535            31       0.35417
536            31       0.36685
537            31       0.37952
538            31        0.3922
539            31       0.40486
540            31       0.41753
541            31        0.4302
542            31       0.44286
543            31       0.45553
544            31       0.46821
545            31       0.48088
546            31       0.49355
547            31       0.50622
548            31       0.51889
549            31       0.53156
550            31       0.54421
551            31       0.55688
552            31       0.56956
553            31       0.58223
554            31        0.5949
555            31       0.60757
556            31       0.62024
557            31       0.63292
558            31       0.64559
559            31       0.65826
560            31       0.67093
561            31        0.6836
562            31       0.69627
563            31       0.70895
564            31       0.72162
565            31        0.7343
566            31       0.74697
567            31       0.75964
568            31       0.77231
569            31       0.78498
570            31       0.79765
571            31       0.81033
572            31         0.823
573            31       0.83566
574            31       0.84832
575            31         0.861
576            31       0.87367
577            31       0.88634
578            31         0.899
579            31       0.91159
580            31       0.92416
581            31       0.93683
582            31       0.94951
583            31       0.96215
584            31       0.97474
585            31       0.98739
586   31    1
586   50    0
587            50       0.01569
588            50        0.0314
589            50        0.0471
590            50       0.06281
591            50        0.0785
592            50        0.0942
593            50       0.10991
594            50       0.12562
595            50       0.14133
596            50       0.15702
597            50       0.17272
598            50       0.18842
599            50       0.20413
600            50       0.21984
601            50       0.23553
602            50       0.25123
603            50       0.26694
604            50       0.28264
605            50       0.29835
606            50       0.31405
607            50       0.32973
608            50       0.34541
609            50       0.36112
610            50       0.37682
611            50        0.3925
612            50       0.40821
613            50       0.42389
614            50       0.43945
615            50       0.45511
616            50       0.47071
617            50        0.4863
618            50       0.50179
619            50       0.51739
620            50       0.53288
621            50       0.54855
622            50       0.56406
623            50       0.57976
624            50       0.59545
625            50       0.61114
626            50       0.62663
627            50       0.64212
628            50       0.65778
629            50       0.67348
630            50       0.68916
631            50       0.70486
632            50       0.72053
633            50       0.73622
634            50       0.75184
635            50       0.76752
636            50        0.7829
637            50       0.79852
638            50       0.81412
639            50       0.82977
640            50       0.84547
641            50       0.86104
642            50       0.87674
643            50        0.8924
644            50       0.90744
645            50       0.92282
646            50       0.93847
647            50       0.95377
648            50       0.96875
649            50        0.9844
650   50    1
473   18    0
651            18       0.02756
652            18       0.05538
653            18       0.08324
654            18        0.1111
655            18        0.1389
656            18       0.16665
657            18       0.19445
658            18       0.22214
659            18       0.24986
660            18       0.27761
661            18       0.30538
662            18        0.3332
663            18       0.36102
664            18       0.38857
665            18       0.41639
666            18       0.44413
667            18       0.47199
668            18       0.49984
669            18       0.52767
670            18       0.55552
671            18       0.58333
672            18       0.61096
673            18       0.63871
674            18       0.66653
675            18       0.69436
676            18       0.72216
677            18       0.74997
678            18        0.7778
679            18       0.80541
680            18       0.83325
681            18        0.8611
682            18       0.88896
683            18       0.91678
684            18       0.94455
685            18       0.97233
686   18    1
686   32    0
687            32       0.01153
688            32       0.02304
689            32       0.03457
690            32         0.046
691            32       0.05749
692            32       0.06902
693            32       0.08055
694            32       0.09202
695            32       0.10352
696            32       0.11489
697            32       0.12641
698            32        0.1379
699            32       0.14942
700            32       0.16089
701            32        0.1724
702            32       0.18387
703            32       0.19538
704            32       0.20682
705            32       0.21823
706            32       0.22975
707            32       0.24128
708            32       0.25281
709            32       0.26433
710            32       0.27584
711            32       0.28735
712            32       0.29888
713            32       0.31041
714            32       0.32195
715            32       0.33348
716            32       0.34501
717            32       0.35654
718            32       0.36807
719            32       0.37961
720            32       0.39114
721            32       0.40267
722            32       0.41421
723            32       0.42574
724            32       0.43727
725            32       0.44881
726            32       0.46034
727            32       0.47187
728            32       0.48332
729            32       0.49474
730            32       0.50614
731            32       0.51766
732            32       0.52918
733            32       0.54058
734            32       0.55212
735            32       0.56365
736            32       0.57483
737            32       0.58632
738            32       0.59768
739            32       0.60921
740            32        0.6207
741            32       0.63205
742            32       0.64334
743            32       0.65472
744            32       0.66584
745            32       0.67734
746            32       0.68887
747            32       0.70039
748            32        0.7119
749            32       0.72342
750            32       0.73495
751            32       0.74649
752            32       0.75802
753            32       0.76955
754            32       0.78109
755            32       0.79262
756            32       0.80415
757            32       0.81569
758            32       0.82722
759            32       0.83873
760            32       0.85023
761            32       0.86176
762            32       0.87329
763            32       0.88481
764            32       0.89633
765            32       0.90786
766            32       0.91931
767            32       0.93082
768            32       0.94234
769            32       0.95387
770            32        0.9654
771            32       0.97693
772            32       0.98847
773   32    1
773   51    0
774            51       0.02784
775            51       0.05562
776            51       0.08344
777            51       0.11129
778            51       0.13914
779            51         0.167
780            51       0.19484
781            51       0.22268
782            51       0.25053
783            51       0.27834
784            51       0.30618
785            51       0.33404
786            51       0.36189
787            51       0.38975
788            51        0.4176
789            51       0.44545
790            51        0.4733
791            51       0.50116
792            51       0.52901
793            51       0.55686
794            51       0.58467
795            51       0.61239
796            51       0.63963
797            51       0.66729
798            51       0.69514
799            51        0.7229
800            51       0.75065
801            51       0.77844
802            51       0.80616
803            51       0.83395
804            51       0.86169
805            51       0.88947
806            51        0.9173
807            51       0.94496
808            51       0.97234
809   51    1
36   5   0
810             5       0.17163
811             5       0.30955
812             5       0.44846
813             5       0.58749
814             5       0.72481
815             5       0.86346
816    5    1
816    6    0
817             6        0.0383
818             6       0.07823
819             6       0.11686
820             6       0.15577
821             6       0.19344
822             6       0.23335
823             6       0.27338
824             6       0.31385
825             6       0.35435
826             6        0.3946
827             6       0.43502
828             6       0.47505
829             6        0.5155
830             6       0.55592
831             6        0.5963
832             6       0.63673
833             6       0.67668
834             6       0.71721
835             6       0.75774
836             6       0.79825
837             6       0.83878
838             6       0.87931
839             6       0.91971
840             6       0.95994
841    6    1
841   19    0
842            19       0.02244
843            19       0.04456
844            19       0.06655
845            19       0.08887
846            19       0.11134
847            19       0.13376
848            19         0.156
849            19       0.17823
850            19       0.20049
851            19       0.22274
852            19       0.24513
853            19        0.2676
854            19       0.29006
855            19       0.31228
856            19       0.33414
857            19       0.35653
858            19       0.37893
859            19       0.40111
860            19       0.42354
861            19       0.44579
862            19       0.46818
863            19       0.49066
864            19        0.5129
865            19       0.53505
866            19       0.55744
867            19       0.57974
868            19       0.60212
869            19       0.62445
870            19       0.64691
871            19       0.66908
872            19        0.6915
873            19       0.71295
874            19       0.73316
875            19       0.75525
876            19       0.77768
877            19       0.80017
878            19       0.82265
879            19       0.84491
880            19       0.86734
881            19       0.88964
882            19       0.91212
883            19       0.93449
884            19       0.95653
885            19       0.97832
886   19    1
886   33    0
887            33       0.04757
888            33       0.09574
889            33       0.14328
890            33       0.19137
891            33       0.23957
892            33       0.28729
893            33       0.33511
894            33       0.38319
895            33       0.43135
896            33       0.47954
897            33       0.52763
898            33       0.57553
899            33       0.62332
900            33       0.67147
901            33       0.71914
902            33       0.76598
903            33       0.81383
904            33       0.86115
905            33       0.90637
906            33       0.95401
907   33    1
907   34    0
908            34        0.0159
909            34       0.03089
910            34       0.04606
911            34       0.06111
912            34       0.07609
913            34       0.09132
914            34       0.10655
915            34       0.12179
916            34       0.13694
917            34       0.15218
918            34       0.16739
919            34       0.18253
920            34       0.19766
921            34       0.21286
922            34       0.22802
923            34        0.2426
924            34       0.25775
925            34       0.27271
926            34       0.28788
927            34         0.303
928            34       0.31824
929            34       0.33332
930            34       0.34857
931            34       0.36359
932            34       0.37875
933            34       0.39399
934            34       0.40919
935            34       0.42441
936            34       0.43951
937            34       0.45458
938            34       0.46984
939            34       0.48508
940            34       0.50031
941            34       0.51551
942            34       0.53034
943            34       0.54538
944            34       0.56061
945            34       0.57587
946            34       0.59112
947            34       0.60623
948            34       0.62133
949            34       0.63598
950            34       0.65092
951            34       0.66598
952            34       0.68119
953            34       0.69622
954            34       0.71123
955            34       0.72647
956            34        0.7417
957            34       0.75695
958            34       0.77217
959            34       0.78727
960            34       0.80247
961            34       0.81765
962            34       0.83287
963            34       0.84812
964            34       0.86336
965            34       0.87859
966            34       0.89384
967            34       0.90908
968            34       0.92433
969            34       0.93958
970            34       0.95473
971            34       0.96995
972            34       0.98501
973   34    1
973   52    0
974            52       0.02127
975            52        0.0424
976            52        0.0637
977            52       0.08504
978            52       0.10637
979            52       0.12766
980            52        0.1489
981            52       0.16997
982            52       0.19126
983            52        0.2124
984            52       0.23378
985            52       0.25512
986            52       0.27649
987            52       0.29761
988            52       0.31876
989            52       0.33992
990            52        0.3613
991            52       0.38266
992            52       0.40391
993            52       0.42526
994            52       0.44635
995            52       0.46772
996            52       0.48889
997            52       0.51014
998            52       0.53145
999            52       0.55281
1000             52        0.57418
1001             52        0.59546
1002             52        0.61682
1003             52        0.63813
1004             52        0.65944
1005             52         0.6808
1006             52        0.70212
1007             52        0.72327
1008             52        0.74444
1009             52        0.76576
1010             52        0.78702
1011             52        0.80833
1012             52        0.82967
1013             52        0.85098
1014             52        0.87225
1015             52        0.89354
1016             52        0.91478
1017             52         0.9361
1018             52        0.95746
1019             52        0.97863
1020    52     1
907   35    0
1021             35        0.01697
1022             35        0.03308
1023             35        0.04925
1024             35        0.06539
1025             35        0.08157
1026             35        0.09774
1027             35        0.11379
1028             35        0.12997
1029             35          0.146
1030             35        0.16215
1031             35        0.17831
1032             35        0.19449
1033             35        0.21069
1034             35        0.22688
1035             35        0.24306
1036             35        0.25919
1037             35        0.27497
1038             35        0.29068
1039             35        0.30671
1040             35        0.32271
1041             35        0.33887
1042             35        0.35496
1043             35        0.37108
1044             35        0.38725
1045             35        0.40339
1046             35        0.41955
1047             35         0.4357
1048             35        0.45188
1049             35         0.4679
1050             35        0.48392
1051             35        0.50009
1052             35        0.51628
1053             35        0.53242
1054             35        0.54845
1055             35        0.56442
1056             35        0.58061
1057             35         0.5968
1058             35        0.61296
1059             35        0.62911
1060             35        0.64526
1061             35        0.66129
1062             35        0.67747
1063             35        0.69364
1064             35        0.70973
1065             35         0.7259
1066             35        0.74205
1067             35        0.75821
1068             35        0.77383
1069             35        0.78993
1070             35        0.80611
1071             35        0.82219
1072             35        0.83838
1073             35        0.85456
1074             35        0.87074
1075             35        0.88694
1076             35        0.90314
1077             35        0.91933
1078             35        0.93543
1079             35        0.95163
1080             35        0.96765
1081             35        0.98381
1082    35     1
1082    53     0
1083             53        0.01965
1084             53        0.03933
1085             53        0.05879
1086             53        0.07842
1087             53        0.09792
1088             53        0.11762
1089             53        0.13725
1090             53        0.15677
1091             53        0.17625
1092             53        0.19595
1093             53        0.21561
1094             53        0.23526
1095             53        0.25474
1096             53        0.27442
1097             53        0.29397
1098             53        0.31364
1099             53        0.33332
1100             53        0.35286
1101             53         0.3725
1102             53        0.39211
1103             53        0.41177
1104             53        0.43141
1105             53        0.45107
1106             53        0.47062
1107             53        0.49022
1108             53        0.50984
1109             53        0.52944
1110             53        0.54903
1111             53        0.56851
1112             53        0.58817
1113             53        0.60785
1114             53        0.62741
1115             53        0.64708
1116             53        0.66666
1117             53        0.68635
1118             53        0.70589
1119             53        0.72557
1120             53        0.74522
1121             53        0.76486
1122             53        0.78444
1123             53        0.80409
1124             53        0.82368
1125             53        0.84334
1126             53        0.86302
1127             53        0.88271
1128             53        0.90238
1129             53        0.92191
1130             53        0.94138
1131             53         0.9607
1132             53        0.98034
1133    53     1
816    7    0
1134              7        0.04078
1135              7        0.08211
1136              7        0.12394
1137              7        0.16543
1138              7         0.2073
1139              7        0.24938
1140              7        0.29092
1141              7        0.33286
1142              7        0.37431
1143              7        0.41642
1144              7        0.45806
1145              7        0.50015
1146              7         0.5404
1147              7        0.58041
1148              7        0.62256
1149              7        0.66414
1150              7         0.7063
1151              7        0.74823
1152              7        0.79029
1153              7        0.83186
1154              7        0.87368
1155              7        0.91583
1156              7        0.95783
1157     7     1
1157    20     0
1158             20        0.02395
1159             20        0.04802
1160             20        0.07253
1161             20        0.09713
1162             20        0.12132
1163             20        0.14592
1164             20        0.17048
1165             20        0.19491
1166             20        0.21939
1167             20        0.24394
1168             20        0.26814
1169             20        0.29201
1170             20        0.31659
1171             20        0.34096
1172             20        0.36543
1173             20        0.38998
1174             20        0.41428
1175             20         0.4385
1176             20        0.46314
1177             20         0.4877
1178             20        0.51184
1179             20        0.53619
1180             20        0.56067
1181             20        0.58489
1182             20        0.60927
1183             20        0.63356
1184             20        0.65786
1185             20        0.68244
1186             20        0.70699
1187             20        0.73145
1188             20        0.75586
1189             20        0.78018
1190             20        0.80452
1191             20        0.82859
1192             20        0.85309
1193             20        0.87769
1194             20        0.90232
1195             20        0.92686
1196             20        0.95129
1197             20        0.97559
1198    20     1
1198    36     0
1199             36        0.01241
1200             36        0.02467
1201             36        0.03694
1202             36        0.04922
1203             36        0.06148
1204             36        0.07386
1205             36        0.08626
1206             36        0.09851
1207             36        0.11087
1208             36        0.12327
1209             36        0.13555
1210             36          0.148
1211             36         0.1604
1212             36        0.17276
1213             36        0.18479
1214             36          0.197
1215             36        0.20943
1216             36        0.22177
1217             36        0.23417
1218             36        0.24659
1219             36         0.2588
1220             36         0.2712
1221             36        0.28351
1222             36        0.29573
1223             36        0.30815
1224             36        0.32048
1225             36        0.33294
1226             36        0.34521
1227             36        0.35744
1228             36        0.36978
1229             36         0.3822
1230             36         0.3946
1231             36        0.40704
1232             36        0.41933
1233             36        0.43169
1234             36        0.44404
1235             36        0.45633
1236             36        0.46825
1237             36        0.48025
1238             36        0.49248
1239             36        0.50492
1240             36        0.51734
1241             36        0.52976
1242             36        0.54219
1243             36        0.55458
1244             36        0.56697
1245             36        0.57934
1246             36        0.59178
1247             36        0.60403
1248             36        0.61641
1249             36        0.62872
1250             36        0.64115
1251             36        0.65358
1252             36        0.66601
1253             36        0.67846
1254             36        0.69092
1255             36        0.70337
1256             36        0.71582
1257             36        0.72827
1258             36        0.74055
1259             36        0.75298
1260             36        0.76544
1261             36        0.77745
1262             36        0.78978
1263             36        0.80204
1264             36        0.81431
1265             36        0.82673
1266             36          0.839
1267             36         0.8514
1268             36        0.86384
1269             36        0.87624
1270             36        0.88861
1271             36        0.90095
1272             36        0.91328
1273             36         0.9257
1274             36        0.93807
1275             36        0.95045
1276             36        0.96277
1277             36        0.97522
1278             36        0.98762
1279    36     1
1279    54     0
1280             54        0.01592
1281             54         0.0319
1282             54        0.04787
1283             54        0.06321
1284             54         0.0788
1285             54        0.09467
1286             54        0.11059
1287             54        0.12659
1288             54        0.14255
1289             54        0.15852
1290             54        0.17445
1291             54        0.19034
1292             54        0.20632
1293             54        0.22233
1294             54        0.23832
1295             54        0.25426
1296             54         0.2694
1297             54        0.28443
1298             54        0.30041
1299             54        0.31639
1300             54        0.33229
1301             54        0.34823
1302             54        0.36419
1303             54        0.38021
1304             54        0.39619
1305             54        0.41206
1306             54        0.42803
1307             54        0.44393
1308             54        0.45994
1309             54        0.47594
1310             54        0.49179
1311             54        0.50744
1312             54        0.52326
1313             54        0.53892
1314             54        0.55488
1315             54        0.57088
1316             54        0.58686
1317             54        0.60282
1318             54        0.61872
1319             54        0.63474
1320             54        0.65068
1321             54         0.6666
1322             54        0.68257
1323             54        0.69849
1324             54        0.71447
1325             54        0.73043
1326             54        0.74634
1327             54        0.76222
1328             54        0.77815
1329             54        0.79415
1330             54        0.81007
1331             54        0.82596
1332             54        0.84169
1333             54        0.85761
1334             54        0.87348
1335             54        0.88908
1336             54        0.90496
1337             54         0.9205
1338             54         0.9362
1339             54        0.95217
1340             54        0.96806
1341             54          0.984
1342    54     1
8  8  0
1343              8        0.12785
1344              8        0.25613
1345              8        0.38181
1346              8        0.51009
1347              8        0.63966
1348              8        0.76667
1349              8        0.89291
1350     8     1
1350     9     0
1351              9        0.03362
1352              9        0.06413
1353              9        0.09441
1354              9        0.12422
1355              9         0.1546
1356              9        0.18454
1357              9        0.21506
1358              9        0.24538
1359              9        0.27555
1360              9        0.30596
1361              9         0.3345
1362              9        0.36459
1363              9         0.3948
1364              9        0.42489
1365              9        0.45527
1366              9        0.48513
1367              9        0.51565
1368              9        0.54542
1369              9        0.57581
1370              9        0.60631
1371              9        0.63642
1372              9        0.66688
1373              9        0.69737
1374              9        0.72776
1375              9        0.75798
1376              9        0.78815
1377              9        0.81855
1378              9        0.84905
1379              9        0.87948
1380              9        0.90963
1381              9        0.94014
1382              9        0.96963
1383     9     1
1383    10     0
1384             10        0.02042
1385             10        0.05851
1386             10        0.09635
1387             10        0.13376
1388             10        0.17132
1389             10        0.20889
1390             10         0.2459
1391             10         0.2839
1392             10        0.32164
1393             10        0.35972
1394             10        0.39786
1395             10        0.43557
1396             10        0.47357
1397             10        0.51134
1398             10        0.54789
1399             10        0.58451
1400             10        0.62252
1401             10         0.6598
1402             10        0.69738
1403             10        0.73475
1404             10        0.77212
1405             10        0.81011
1406             10        0.84787
1407             10        0.88605
1408             10        0.92391
1409             10        0.96183
1410    10     1
1410    21     0
1411             21        0.02463
1412             21        0.04929
1413             21        0.07366
1414             21        0.09847
1415             21        0.12117
1416             21        0.14426
1417             21          0.169
1418             21        0.19316
1419             21        0.21766
1420             21        0.24234
1421             21        0.26714
1422             21        0.29146
1423             21        0.31588
1424             21        0.34063
1425             21         0.3652
1426             21         0.3897
1427             21        0.41429
1428             21        0.43895
1429             21        0.46368
1430             21        0.48817
1431             21        0.51259
1432             21        0.53663
1433             21        0.56146
1434             21        0.58537
1435             21        0.60976
1436             21        0.63442
1437             21         0.6592
1438             21        0.68326
1439             21        0.70802
1440             21        0.73256
1441             21        0.75679
1442             21        0.78111
1443             21        0.80589
1444             21        0.82908
1445             21        0.85274
1446             21        0.87695
1447             21        0.90178
1448             21        0.92649
1449             21        0.95107
1450             21        0.97535
1451    21     1
1451    37     0
1452             37        0.06175
1453             37        0.12447
1454             37        0.18836
1455             37        0.25024
1456             37        0.30768
1457             37        0.37169
1458             37         0.4314
1459             37        0.49071
1460             37        0.55485
1461             37        0.61864
1462             37        0.68288
1463             37        0.74457
1464             37        0.80757
1465             37        0.87188
1466             37        0.93624
1467    37     1
1467    38     0
1468             38        0.24367
1469             38        0.49914
1470             38         0.7475
1471    38     1
1471    39     0
1472             39        0.01319
1473             39        0.02702
1474             39         0.0412
1475             39        0.05561
1476             39        0.06995
1477             39        0.08437
1478             39        0.09878
1479             39         0.1132
1480             39        0.12762
1481             39        0.14201
1482             39        0.15641
1483             39        0.17081
1484             39        0.18424
1485             39        0.19782
1486             39        0.21188
1487             39        0.22621
1488             39        0.24058
1489             39          0.255
1490             39        0.26923
1491             39        0.28358
1492             39         0.2979
1493             39        0.31198
1494             39        0.32627
1495             39        0.34066
1496             39        0.35501
1497             39        0.36929
1498             39         0.3837
1499             39        0.39804
1500             39        0.41237
1501             39        0.42677
1502             39        0.44118
1503             39        0.45552
1504             39        0.46992
1505             39         0.4843
1506             39         0.4987
1507             39        0.51302
1508             39        0.52725
1509             39        0.54167
1510             39        0.55609
1511             39        0.57041
1512             39         0.5848
1513             39         0.5992
1514             39        0.61339
1515             39        0.62778
1516             39        0.64217
1517             39        0.65615
1518             39        0.67009
1519             39        0.68448
1520             39        0.69887
1521             39         0.7133
1522             39        0.72757
1523             39         0.7418
1524             39        0.75613
1525             39        0.77049
1526             39        0.78488
1527             39        0.79919
1528             39        0.81361
1529             39          0.828
1530             39        0.84227
1531             39        0.85669
1532             39         0.8711
1533             39        0.88542
1534             39         0.8998
1535             39        0.91412
1536             39        0.92824
1537             39         0.9425
1538             39         0.9568
1539             39         0.9712
1540             39        0.98558
1541    39     1
1541    55     0
1542             55        0.01859
1543             55         0.0372
1544             55        0.05582
1545             55        0.07421
1546             55        0.09237
1547             55        0.11063
1548             55        0.12892
1549             55        0.14742
1550             55        0.16597
1551             55        0.18441
1552             55        0.20297
1553             55        0.22161
1554             55        0.24021
1555             55        0.25875
1556             55        0.27738
1557             55        0.29588
1558             55        0.31435
1559             55        0.33295
1560             55        0.35159
1561             55        0.37019
1562             55        0.38875
1563             55        0.40728
1564             55         0.4258
1565             55        0.44438
1566             55        0.46302
1567             55         0.4816
1568             55         0.5001
1569             55        0.51863
1570             55        0.53719
1571             55        0.55573
1572             55        0.57428
1573             55        0.59288
1574             55        0.61147
1575             55         0.6301
1576             55        0.64873
1577             55        0.66724
1578             55        0.68587
1579             55        0.70447
1580             55        0.72275
1581             55        0.74133
1582             55        0.75982
1583             55        0.77833
1584             55        0.79693
1585             55         0.8151
1586             55        0.83363
1587             55        0.85204
1588             55        0.87063
1589             55        0.88924
1590             55        0.90736
1591             55        0.92576
1592             55         0.9442
1593             55        0.96283
1594             55        0.98137
1595    55     1
1471    40     0
1596             40        0.01672
1597             40        0.03363
1598             40        0.05064
1599             40        0.06728
1600             40        0.08427
1601             40        0.10114
1602             40        0.11815
1603             40        0.13516
1604             40        0.15216
1605             40        0.16914
1606             40         0.1861
1607             40        0.20308
1608             40        0.22002
1609             40        0.23702
1610             40          0.254
1611             40        0.27094
1612             40        0.28794
1613             40        0.30489
1614             40        0.32183
1615             40        0.33882
1616             40        0.35583
1617             40        0.37283
1618             40        0.38984
1619             40        0.40676
1620             40        0.42365
1621             40        0.44065
1622             40        0.45766
1623             40        0.47463
1624             40         0.4916
1625             40        0.50843
1626             40        0.52532
1627             40        0.54227
1628             40        0.55914
1629             40        0.57614
1630             40         0.5931
1631             40        0.61012
1632             40        0.62702
1633             40        0.64386
1634             40        0.66084
1635             40        0.67783
1636             40        0.69479
1637             40        0.71177
1638             40        0.72866
1639             40        0.74564
1640             40        0.76257
1641             40        0.77955
1642             40        0.79654
1643             40        0.81356
1644             40        0.83028
1645             40         0.8473
1646             40        0.86414
1647             40        0.88111
1648             40        0.89812
1649             40        0.91509
1650             40        0.93205
1651             40        0.94906
1652             40        0.96606
1653             40        0.98306
1654    40     1
1654    56     0
1655             56        0.01865
1656             56          0.037
1657             56         0.0555
1658             56          0.074
1659             56        0.09254
1660             56        0.11115
1661             56        0.12973
1662             56        0.14839
1663             56        0.16704
1664             56        0.18562
1665             56        0.20423
1666             56        0.22275
1667             56        0.24106
1668             56        0.25972
1669             56        0.27832
1670             56        0.29694
1671             56        0.31559
1672             56        0.33415
1673             56        0.35274
1674             56        0.37131
1675             56        0.38989
1676             56        0.40842
1677             56        0.42675
1678             56        0.44493
1679             56        0.46342
1680             56        0.48207
1681             56        0.50072
1682             56        0.51928
1683             56        0.53786
1684             56        0.55635
1685             56        0.57485
1686             56        0.59317
1687             56        0.61159
1688             56        0.63023
1689             56        0.64888
1690             56        0.66752
1691             56        0.68605
1692             56         0.7046
1693             56        0.72306
1694             56        0.74172
1695             56        0.76011
1696             56        0.77876
1697             56        0.79672
1698             56        0.81481
1699             56        0.83328
1700             56        0.85169
1701             56         0.8702
1702             56        0.88886
1703             56        0.90752
1704             56        0.92614
1705             56        0.94462
1706             56        0.96322
1707             56        0.98137
1708    56     1
1467    41     0
1709             41        0.01207
1710             41        0.02551
1711             41        0.03894
1712             41        0.05231
1713             41        0.06575
1714             41        0.07917
1715             41        0.09257
1716             41          0.106
1717             41        0.11934
1718             41        0.13277
1719             41         0.1462
1720             41        0.15961
1721             41        0.17305
1722             41        0.18647
1723             41         0.1999
1724             41        0.21323
1725             41        0.22653
1726             41        0.23992
1727             41        0.25331
1728             41        0.26661
1729             41        0.28002
1730             41         0.2933
1731             41        0.30648
1732             41        0.31986
1733             41        0.33315
1734             41        0.34654
1735             41        0.35978
1736             41        0.37321
1737             41        0.38657
1738             41            0.4
1739             41         0.4134
1740             41        0.42674
1741             41        0.44015
1742             41        0.45356
1743             41        0.46699
1744             41        0.48038
1745             41         0.4937
1746             41        0.50698
1747             41        0.52032
1748             41        0.53372
1749             41        0.54706
1750             41        0.56048
1751             41        0.57378
1752             41        0.58711
1753             41         0.6005
1754             41        0.61382
1755             41        0.62723
1756             41        0.64042
1757             41        0.65383
1758             41        0.66699
1759             41        0.68035
1760             41        0.69377
1761             41        0.70711
1762             41        0.72038
1763             41        0.73364
1764             41        0.74693
1765             41        0.76025
1766             41        0.77361
1767             41          0.787
1768             41        0.80012
1769             41        0.81339
1770             41        0.82681
1771             41        0.84025
1772             41        0.85366
1773             41        0.86696
1774             41        0.88024
1775             41        0.89351
1776             41        0.90691
1777             41        0.92035
1778             41        0.93378
1779             41         0.9471
1780             41        0.96041
1781             41        0.97338
1782             41        0.98663
1783    41     1
1783    57     0
1784             57         0.0165
1785             57        0.03328
1786             57        0.04988
1787             57        0.06665
1788             57        0.08314
1789             57        0.09991
1790             57        0.11672
1791             57        0.13348
1792             57        0.15027
1793             57        0.16694
1794             57        0.18353
1795             57        0.20016
1796             57        0.21695
1797             57        0.23369
1798             57        0.25036
1799             57        0.26705
1800             57        0.28375
1801             57        0.30046
1802             57        0.31695
1803             57        0.33373
1804             57         0.3504
1805             57         0.3671
1806             57        0.38386
1807             57         0.4005
1808             57         0.4172
1809             57        0.43402
1810             57        0.45082
1811             57        0.46763
1812             57        0.48436
1813             57        0.50084
1814             57        0.51766
1815             57        0.53434
1816             57        0.55111
1817             57        0.56755
1818             57        0.58422
1819             57        0.60092
1820             57        0.61767
1821             57        0.63446
1822             57        0.65108
1823             57        0.66778
1824             57        0.68452
1825             57        0.70133
1826             57        0.71789
1827             57        0.73444
1828             57        0.75116
1829             57        0.76784
1830             57        0.78418
1831             57        0.80031
1832             57        0.81639
1833             57        0.83311
1834             57        0.84974
1835             57        0.86624
1836             57        0.88305
1837             57        0.89949
1838             57        0.91621
1839             57          0.933
1840             57        0.94977
1841             57        0.96656
1842             57        0.98332
1843    57     1
1383    11     0
1844             11        0.11158
1845             11        0.22275
1846             11        0.33318
1847             11          0.444
1848             11        0.55624
1849             11        0.66848
1850             11        0.78049
1851             11        0.89055
1852    11     1
1852    12     0
1853             12        0.04279
1854             12        0.08904
1855             12         0.1343
1856             12        0.17772
1857             12        0.22231
1858             12        0.26899
1859             12        0.31373
1860             12        0.36026
1861             12        0.40549
1862             12        0.44878
1863             12        0.49409
1864             12        0.54051
1865             12        0.58689
1866             12        0.63063
1867             12        0.67687
1868             12        0.72245
1869             12        0.76797
1870             12        0.81474
1871             12        0.86106
1872             12        0.90717
1873             12        0.95351
1874    12     1
1874    22     0
1875             22        0.04243
1876             22        0.08576
1877             22        0.12954
1878             22        0.17352
1879             22        0.21743
1880             22        0.26117
1881             22        0.30461
1882             22        0.34852
1883             22        0.39151
1884             22        0.43538
1885             22          0.479
1886             22         0.5213
1887             22        0.56314
1888             22        0.60703
1889             22        0.65094
1890             22        0.69455
1891             22        0.73825
1892             22        0.78139
1893             22        0.82525
1894             22        0.86919
1895             22        0.91281
1896             22        0.95625
1897    22     1
1897    23     0
1898             23        0.04685
1899             23        0.09402
1900             23        0.14424
1901             23        0.19477
1902             23        0.24497
1903             23        0.29514
1904             23        0.34525
1905             23        0.39575
1906             23        0.44589
1907             23        0.49663
1908             23         0.5474
1909             23        0.59718
1910             23         0.6473
1911             23        0.69814
1912             23         0.7481
1913             23        0.79727
1914             23        0.84783
1915             23        0.89857
1916             23        0.94921
1917    23     1
1917    42     0
1918             42        0.01168
1919             42        0.02343
1920             42        0.03548
1921             42        0.04753
1922             42        0.05964
1923             42        0.07182
1924             42        0.08398
1925             42        0.09606
1926             42        0.10811
1927             42        0.11988
1928             42        0.13196
1929             42        0.14381
1930             42        0.15594
1931             42        0.16783
1932             42        0.17997
1933             42        0.19209
1934             42        0.20404
1935             42        0.21591
1936             42        0.22768
1937             42        0.23983
1938             42        0.25183
1939             42        0.26381
1940             42        0.27599
1941             42        0.28816
1942             42        0.30026
1943             42        0.31215
1944             42        0.32434
1945             42        0.33628
1946             42        0.34843
1947             42        0.36059
1948             42        0.37264
1949             42        0.38479
1950             42        0.39693
1951             42        0.40902
1952             42        0.42118
1953             42        0.43327
1954             42        0.44538
1955             42        0.45738
1956             42         0.4695
1957             42        0.48161
1958             42        0.49378
1959             42        0.50593
1960             42        0.51787
1961             42           0.53
1962             42        0.54218
1963             42        0.55425
1964             42        0.56572
1965             42         0.5771
1966             42        0.58911
1967             42        0.60127
1968             42        0.61342
1969             42        0.62559
1970             42        0.63763
1971             42        0.64969
1972             42        0.66185
1973             42        0.67395
1974             42        0.68606
1975             42        0.69825
1976             42        0.71021
1977             42        0.72198
1978             42        0.73402
1979             42        0.74616
1980             42        0.75814
1981             42        0.77007
1982             42        0.78211
1983             42        0.79426
1984             42        0.80641
1985             42        0.81858
1986             42        0.83075
1987             42        0.84291
1988             42        0.85506
1989             42         0.8672
1990             42        0.87916
1991             42        0.89117
1992             42         0.9033
1993             42        0.91542
1994             42        0.92758
1995             42        0.93977
1996             42        0.95191
1997             42        0.96403
1998             42        0.97588
1999             42        0.98786
2000    42     1
2000    58     0
2001             58        0.01794
2002             58        0.03604
2003             58        0.05418
2004             58         0.0723
2005             58        0.09041
2006             58        0.10846
2007             58        0.12567
2008             58        0.14348
2009             58        0.16155
2010             58        0.17962
2011             58        0.19761
2012             58         0.2157
2013             58        0.23379
2014             58        0.25192
2015             58        0.26995
2016             58        0.28794
2017             58        0.30581
2018             58        0.32378
2019             58         0.3419
2020             58        0.35886
2021             58        0.37566
2022             58        0.39368
2023             58        0.41171
2024             58        0.42971
2025             58        0.44786
2026             58        0.46579
2027             58        0.48327
2028             58        0.50049
2029             58        0.51845
2030             58        0.53643
2031             58        0.55446
2032             58        0.57247
2033             58        0.59021
2034             58        0.60818
2035             58        0.62617
2036             58        0.64422
2037             58        0.66201
2038             58         0.6801
2039             58        0.69819
2040             58        0.71627
2041             58        0.73438
2042             58        0.75248
2043             58        0.76966
2044             58        0.78769
2045             58        0.80572
2046             58         0.8221
2047             58         0.8401
2048             58        0.85614
2049             58        0.87407
2050             58        0.89135
2051             58         0.9095
2052             58        0.92753
2053             58        0.94565
2054             58        0.96378
2055             58        0.98187
2056    58     1
1897    24     0
2057             24        0.04477
2058             24        0.09029
2059             24        0.13638
2060             24        0.18127
2061             24        0.22751
2062             24         0.2703
2063             24        0.31642
2064             24        0.36249
2065             24         0.4087
2066             24        0.45487
2067             24        0.50083
2068             24        0.54587
2069             24        0.59169
2070             24        0.63782
2071             24        0.68334
2072             24        0.72883
2073             24         0.7746
2074             24         0.8198
2075             24        0.86526
2076             24        0.91119
2077             24        0.95719
2078    24     1
2078    43     0
2079             43        0.03883
2080             43         0.0778
2081             43        0.11677
2082             43        0.15569
2083             43        0.19457
2084             43        0.23344
2085             43        0.27141
2086             43        0.31019
2087             43        0.34905
2088             43        0.38627
2089             43        0.42492
2090             43        0.46394
2091             43        0.50282
2092             43        0.54166
2093             43        0.58043
2094             43        0.61868
2095             43        0.65712
2096             43        0.69606
2097             43        0.73509
2098             43        0.77359
2099             43        0.81031
2100             43        0.84851
2101             43        0.88687
2102             43        0.92591
2103             43        0.96378
2104    43     1
1852    13     0
2105             13        0.05425
2106             13        0.11028
2107             13        0.16609
2108             13        0.21996
2109             13        0.27505
2110             13        0.33056
2111             13        0.38652
2112             13        0.44249
2113             13         0.4976
2114             13        0.55356
2115             13        0.60861
2116             13        0.66467
2117             13        0.72071
2118             13         0.7763
2119             13         0.8323
2120             13        0.88834
2121             13        0.94393
2122    13     1
1350    14     0
2123             14        0.02202
2124             14        0.04067
2125             14        0.05933
2126             14        0.07798
2127             14        0.09655
2128             14        0.11522
2129             14        0.13388
2130             14        0.15247
2131             14        0.17109
2132             14        0.18968
2133             14        0.20819
2134             14        0.22664
2135             14        0.24466
2136             14        0.26334
2137             14        0.28191
2138             14        0.30054
2139             14         0.3192
2140             14        0.33774
2141             14         0.3564
2142             14        0.37487
2143             14        0.39303
2144             14        0.41142
2145             14        0.43009
2146             14        0.44875
2147             14        0.46731
2148             14        0.48602
2149             14        0.50451
2150             14        0.52295
2151             14        0.54137
2152             14         0.5599
2153             14        0.57858
2154             14        0.59705
2155             14        0.61383
2156             14        0.63182
2157             14        0.65031
2158             14        0.66851
2159             14        0.68701
2160             14        0.70546
2161             14        0.72409
2162             14        0.74112
2163             14        0.75968
2164             14        0.77796
2165             14        0.79622
2166             14        0.81453
2167             14        0.83273
2168             14        0.85113
2169             14        0.86974
2170             14        0.88815
2171             14        0.90683
2172             14        0.92545
2173             14         0.9441
2174             14        0.96274
2175             14        0.98135
2176    14     1
2176    25     0
2177             25        0.02258
2178             25        0.04555
2179             25        0.06844
2180             25        0.09145
2181             25        0.11444
2182             25        0.13719
2183             25        0.15961
2184             25        0.18242
2185             25        0.20406
2186             25        0.22641
2187             25        0.24942
2188             25        0.27243
2189             25        0.29543
2190             25        0.31838
2191             25        0.34127
2192             25        0.36395
2193             25        0.38697
2194             25        0.40975
2195             25        0.43232
2196             25        0.45464
2197             25        0.47742
2198             25        0.50042
2199             25        0.52315
2200             25        0.54596
2201             25        0.56845
2202             25        0.59084
2203             25        0.61334
2204             25        0.63625
2205             25        0.65908
2206             25        0.68157
2207             25        0.70448
2208             25        0.72698
2209             25        0.74964
2210             25        0.77189
2211             25        0.79458
2212             25        0.81748
2213             25        0.84032
2214             25        0.86318
2215             25        0.88605
2216             25        0.90866
2217             25        0.93159
2218             25        0.95396
2219             25        0.97699
2220    25     1
2220    44     0
2221             44        0.03152
2222             44        0.06367
2223             44        0.09427
2224             44        0.12543
2225             44         0.1575
2226             44        0.18954
2227             44        0.22152
2228             44         0.2511
2229             44        0.28297
2230             44        0.31494
2231             44        0.34668
2232             44        0.37648
2233             44        0.40752
2234             44        0.43907
2235             44        0.47005
2236             44         0.5016
2237             44        0.53319
2238             44        0.56526
2239             44        0.59701
2240             44        0.62755
2241             44        0.65934
2242             44        0.68939
2243             44        0.72149
2244             44        0.75342
2245             44        0.78504
2246             44        0.81711
2247             44        0.84913
2248             44        0.87946
2249             44         0.9115
2250             44        0.94324
2251             44        0.97533
2252    44     1
2252    45     0
2253             45        0.02166
2254             45        0.03809
2255             45        0.05442
2256             45        0.07058
2257             45        0.08704
2258             45        0.10309
2259             45        0.11959
2260             45        0.13598
2261             45         0.1523
2262             45        0.16879
2263             45        0.18526
2264             45        0.20139
2265             45        0.21775
2266             45        0.23405
2267             45        0.25043
2268             45        0.26691
2269             45        0.28282
2270             45        0.29913
2271             45        0.31567
2272             45          0.332
2273             45        0.34836
2274             45        0.36464
2275             45        0.38112
2276             45        0.39753
2277             45        0.41361
2278             45        0.43007
2279             45        0.44652
2280             45        0.46287
2281             45        0.47899
2282             45        0.49535
2283             45        0.51181
2284             45        0.52812
2285             45        0.54434
2286             45        0.56082
2287             45        0.57725
2288             45        0.59366
2289             45        0.61018
2290             45        0.62655
2291             45        0.64305
2292             45        0.65955
2293             45        0.67582
2294             45        0.69222
2295             45        0.70865
2296             45          0.725
2297             45        0.74119
2298             45        0.75746
2299             45        0.77302
2300             45        0.78952
2301             45        0.80587
2302             45        0.82218
2303             45        0.83869
2304             45        0.85468
2305             45        0.87052
2306             45        0.88672
2307             45        0.90312
2308             45        0.91936
2309             45        0.93534
2310             45        0.95176
2311             45        0.96739
2312             45        0.98359
2313    45     1
2313    59     0
2314             59        0.01715
2315             59        0.03421
2316             59        0.05147
2317             59        0.06854
2318             59        0.08575
2319             59        0.10289
2320             59        0.12012
2321             59        0.13723
2322             59        0.15342
2323             59        0.17071
2324             59        0.18794
2325             59        0.20498
2326             59        0.22206
2327             59        0.23924
2328             59        0.25655
2329             59        0.27386
2330             59         0.2907
2331             59        0.30795
2332             59        0.32451
2333             59        0.34182
2334             59        0.35858
2335             59        0.37568
2336             59        0.39276
2337             59        0.40972
2338             59        0.42643
2339             59        0.44367
2340             59         0.4597
2341             59        0.47501
2342             59        0.49204
2343             59        0.50917
2344             59        0.52601
2345             59        0.54311
2346             59        0.56012
2347             59        0.57722
2348             59        0.59403
2349             59        0.61016
2350             59        0.62737
2351             59        0.64415
2352             59        0.66132
2353             59        0.67744
2354             59        0.69466
2355             59        0.71192
2356             59        0.72824
2357             59        0.74448
2358             59        0.76098
2359             59        0.77827
2360             59        0.79458
2361             59         0.8114
2362             59        0.82829
2363             59        0.84532
2364             59        0.86261
2365             59        0.87982
2366             59        0.89705
2367             59        0.91364
2368             59        0.93086
2369             59        0.94814
2370             59        0.96542
2371             59         0.9827
2372    59     1
2252    46     0
2373             46        0.02364
2374             46        0.04178
2375             46        0.06033
2376             46        0.07877
2377             46        0.09706
2378             46        0.11532
2379             46         0.1339
2380             46        0.15247
2381             46          0.171
2382             46        0.18937
2383             46        0.20795
2384             46        0.22647
2385             46        0.24501
2386             46        0.26359
2387             46        0.28218
2388             46        0.30064
2389             46        0.31925
2390             46         0.3378
2391             46        0.35638
2392             46         0.3737
2393             46        0.39201
2394             46        0.41059
2395             46        0.42915
2396             46        0.44733
2397             46        0.46579
2398             46        0.48442
2399             46        0.50298
2400             46        0.52143
2401             46        0.53957
2402             46        0.55791
2403             46        0.57629
2404             46        0.59467
2405             46        0.61296
2406             46        0.63143
2407             46        0.64965
2408             46        0.66768
2409             46         0.6862
2410             46        0.70454
2411             46        0.72315
2412             46        0.74178
2413             46        0.76042
2414             46        0.77905
2415             46        0.79746
2416             46        0.81604
2417             46        0.83436
2418             46        0.85276
2419             46        0.87131
2420             46        0.88923
2421             46        0.90749
2422             46        0.92596
2423             46        0.94455
2424             46          0.963
2425             46        0.98148
2426    46     1
2426    60     0
2427             60        0.01806
2428             60        0.03623
2429             60        0.05443
2430             60        0.07272
2431             60        0.09093
2432             60         0.1092
2433             60        0.12738
2434             60        0.14535
2435             60        0.16362
2436             60        0.18188
2437             60        0.20019
2438             60        0.21848
2439             60        0.23624
2440             60        0.25437
2441             60         0.2726
2442             60        0.29063
2443             60        0.30844
2444             60         0.3267
2445             60        0.34498
2446             60        0.36301
2447             60        0.38126
2448             60        0.39953
2449             60        0.41758
2450             60         0.4359
2451             60        0.45408
2452             60        0.47235
2453             60        0.49065
2454             60        0.50884
2455             60        0.52709
2456             60        0.54531
2457             60         0.5635
2458             60        0.58179
2459             60        0.60004
2460             60        0.61833
2461             60        0.63658
2462             60        0.65488
2463             60         0.6732
2464             60        0.69149
2465             60        0.70978
2466             60        0.72809
2467             60         0.7462
2468             60        0.76445
2469             60         0.7826
2470             60        0.80086
2471             60        0.81913
2472             60        0.83742
2473             60         0.8553
2474             60        0.87352
2475             60        0.89164
2476             60        0.90995
2477             60         0.9282
2478             60        0.94607
2479             60        0.96432
2480             60         0.9817
2481    60     1
1  63   0
2482             63        0.09902
2483             63        0.19901
2484             63        0.29959
2485             63        0.40013
2486             63        0.50057
2487             63        0.60101
2488             63        0.70131
2489             63        0.80182
2490             63        0.90083
2491    63     1
2491    64     0
2492             64        0.03755
2493             64        0.07762
2494             64        0.11823
2495             64        0.15887
2496             64        0.19941
2497             64        0.23961
2498             64        0.27966
2499             64        0.32021
2500             64        0.35999
2501             64        0.40031
2502             64        0.44013
2503             64        0.48021
2504             64        0.52084
2505             64         0.5613
2506             64        0.60066
2507             64          0.641
2508             64        0.67857
2509             64        0.71816
2510             64        0.75825
2511             64        0.79864
2512             64        0.83907
2513             64        0.87904
2514             64        0.91902
2515             64        0.95941
2516    64     1
