0  59   0
1  59   1
1  60   0
2           60      0.25135
3           60      0.50146
4           60      0.74923
5  60   1
5  61   0
6           61      0.45039
7  61   1
7  0  0
8           0       0.572
9  0  1
9  1  0
10            1      0.03664
11            1      0.07104
12            1      0.10598
13            1      0.14196
14            1      0.17782
15            1       0.2138
16            1      0.24978
17            1      0.28575
18            1      0.32174
19            1      0.35692
20            1      0.39271
21            1      0.42865
22            1      0.46428
23            1      0.50023
24            1      0.53621
25            1      0.57207
26            1       0.6079
27            1      0.64373
28            1      0.67959
29            1      0.71542
30            1      0.75085
31            1      0.78679
32            1      0.82277
33            1      0.85865
34            1      0.89452
35            1      0.93028
36            1      0.96613
37   1   1
37   2   0
38            2      0.09014
39            2      0.21896
40            2      0.34975
41            2      0.47786
42            2      0.60868
43            2       0.7403
44            2      0.87049
45   2   1
45  13   0
46           13      0.35065
47           13       0.6919
48  13   1
48  14   0
49           14      0.02724
50           14      0.05098
51           14      0.07474
52           14      0.09847
53           14      0.12223
54           14      0.14615
55           14      0.17015
56           14      0.19415
57           14      0.21795
58           14      0.24191
59           14      0.26578
60           14      0.28959
61           14      0.31348
62           14      0.33613
63           14      0.35989
64           14       0.3838
65           14      0.40746
66           14      0.43135
67           14      0.45519
68           14      0.47919
69           14      0.50317
70           14      0.52713
71           14       0.5509
72           14      0.57428
73           14      0.59815
74           14      0.62212
75           14      0.64611
76           14      0.67011
77           14      0.69388
78           14      0.71787
79           14      0.74186
80           14      0.76573
81           14       0.7896
82           14      0.81343
83           14      0.83734
84           14      0.86116
85           14      0.88498
86           14      0.90731
87           14      0.93079
88           14      0.95367
89           14       0.9765
90  14   1
90  25   0
91           25      0.01111
92           25      0.02233
93           25      0.03351
94           25      0.04471
95           25      0.05582
96           25      0.06703
97           25      0.07822
98           25      0.08937
99           25      0.10041
100            25       0.11162
101            25       0.12283
102            25       0.13388
103            25       0.14505
104            25       0.15624
105            25       0.16743
106            25       0.17859
107            25        0.1898
108            25       0.20096
109            25       0.21204
110            25       0.22307
111            25       0.23419
112            25       0.24532
113            25        0.2565
114            25       0.26732
115            25       0.27849
116            25       0.28947
117            25       0.30067
118            25        0.3118
119            25       0.32296
120            25       0.33414
121            25       0.34528
122            25       0.35645
123            25       0.36761
124            25       0.37871
125            25       0.38993
126            25       0.40108
127            25         0.412
128            25       0.42318
129            25       0.43432
130            25       0.44543
131            25       0.45663
132            25       0.46753
133            25       0.47864
134            25        0.4893
135            25       0.50035
136            25        0.5115
137            25       0.52268
138            25       0.53381
139            25       0.54492
140            25       0.55602
141            25       0.56691
142            25        0.5775
143            25       0.58859
144            25       0.59979
145            25       0.61089
146            25       0.62208
147            25       0.63321
148            25       0.64427
149            25       0.65547
150            25       0.66664
151            25       0.67781
152            25       0.68889
153            25       0.70005
154            25       0.71117
155            25       0.72237
156            25       0.73356
157            25       0.74476
158            25       0.75594
159            25       0.76713
160            25       0.77833
161            25       0.78949
162            25       0.80067
163            25       0.81183
164            25       0.82289
165            25       0.83404
166            25       0.84519
167            25       0.85631
168            25       0.86739
169            25       0.87844
170            25       0.88956
171            25       0.90053
172            25       0.91147
173            25       0.92254
174            25       0.93356
175            25       0.94472
176            25       0.95586
177            25       0.96678
178            25       0.97798
179            25       0.98888
180   25    1
180   43    0
181            43       0.11131
182            43       0.22251
183            43       0.33371
184            43       0.44353
185            43       0.55551
186            43       0.66618
187            43       0.77701
188            43       0.88908
189   43    1
189   44    0
190            44       0.00875
191            44       0.01874
192            44       0.02858
193            44       0.03862
194            44       0.04866
195            44       0.05866
196            44       0.06861
197            44       0.07785
198            44       0.08774
199            44       0.09774
200            44       0.10737
201            44       0.11722
202            44       0.12714
203            44       0.13719
204            44       0.14725
205            44        0.1566
206            44       0.16659
207            44       0.17617
208            44       0.18616
209            44       0.19621
210            44       0.20622
211            44       0.21627
212            44       0.22629
213            44       0.23615
214            44       0.24601
215            44       0.25603
216            44       0.26603
217            44       0.27605
218            44       0.28599
219            44       0.29594
220            44       0.30596
221            44       0.31578
222            44       0.32577
223            44       0.33578
224            44       0.34569
225            44       0.35553
226            44       0.36553
227            44       0.37506
228            44       0.38511
229            44       0.39475
230            44        0.4047
231            44       0.41464
232            44       0.42459
233            44       0.43426
234            44        0.4443
235            44       0.45432
236            44       0.46416
237            44       0.47396
238            44       0.48389
239            44       0.49384
240            44       0.50384
241            44       0.51386
242            44       0.52389
243            44       0.53363
244            44       0.54264
245            44       0.55268
246            44       0.56251
247            44       0.57251
248            44       0.58227
249            44       0.59177
250            44       0.60163
251            44       0.61169
252            44       0.62171
253            44       0.63166
254            44       0.64171
255            44       0.65171
256            44       0.66167
257            44       0.67164
258            44       0.68144
259            44       0.69151
260            44       0.70129
261            44       0.71131
262            44        0.7213
263            44       0.73136
264            44       0.74128
265            44       0.75119
266            44       0.76119
267            44       0.77088
268            44        0.7807
269            44       0.79063
270            44       0.80022
271            44       0.81028
272            44       0.82032
273            44       0.83034
274            44       0.84038
275            44       0.85042
276            44       0.86047
277            44       0.87051
278            44        0.8804
279            44       0.89023
280            44       0.90017
281            44       0.90988
282            44       0.91976
283            44       0.92978
284            44       0.93981
285            44       0.94975
286            44       0.95976
287            44       0.96982
288            44       0.97989
289            44       0.98996
290   44    1
189   45    0
291            45        0.0127
292            45       0.02549
293            45       0.03829
294            45       0.05054
295            45       0.06341
296            45        0.0765
297            45       0.08961
298            45       0.10235
299            45       0.11542
300            45       0.12846
301            45       0.14151
302            45        0.1546
303            45       0.16765
304            45       0.18049
305            45       0.19357
306            45        0.2066
307            45       0.21964
308            45       0.23272
309            45       0.24572
310            45       0.25882
311            45       0.27191
312            45        0.2849
313            45        0.2979
314            45       0.31075
315            45       0.32378
316            45       0.33671
317            45       0.34973
318            45       0.36279
319            45       0.37582
320            45       0.38889
321            45        0.4019
322            45       0.41499
323            45       0.42808
324            45       0.44116
325            45       0.45425
326            45       0.46709
327            45       0.48007
328            45       0.49312
329            45        0.5059
330            45        0.5187
331            45       0.53178
332            45       0.54473
333            45       0.55776
334            45       0.57033
335            45        0.5834
336            45        0.5965
337            45       0.60957
338            45       0.62263
339            45       0.63574
340            45       0.64883
341            45       0.66187
342            45       0.67491
343            45       0.68783
344            45       0.70078
345            45       0.71361
346            45       0.72668
347            45        0.7397
348            45        0.7528
349            45       0.76586
350            45        0.7788
351            45       0.79189
352            45       0.80498
353            45       0.81806
354            45       0.83109
355            45       0.84401
356            45       0.85711
357            45       0.87023
358            45       0.88332
359            45       0.89639
360            45       0.90901
361            45       0.92166
362            45       0.93474
363            45       0.94766
364            45       0.96071
365            45       0.97378
366            45       0.98689
367   45    1
48  15   0
368            15       0.01747
369            15       0.03305
370            15       0.04858
371            15       0.06418
372            15        0.0796
373            15       0.09525
374            15       0.11065
375            15       0.12625
376            15       0.14193
377            15       0.15746
378            15       0.17301
379            15       0.18864
380            15       0.20427
381            15       0.21988
382            15       0.23542
383            15       0.25105
384            15       0.26657
385            15       0.28209
386            15       0.29775
387            15       0.31344
388            15       0.32899
389            15       0.34461
390            15       0.35992
391            15        0.3756
392            15       0.39126
393            15       0.40643
394            15       0.42197
395            15        0.4376
396            15       0.45305
397            15       0.46862
398            15       0.48427
399            15       0.49978
400            15       0.51543
401            15       0.53095
402            15       0.54661
403            15       0.56212
404            15       0.57771
405            15       0.59336
406            15       0.60889
407            15       0.62434
408            15       0.63986
409            15       0.65555
410            15       0.67123
411            15       0.68678
412            15       0.70234
413            15       0.71802
414            15        0.7337
415            15       0.74938
416            15       0.76503
417            15       0.78072
418            15       0.79641
419            15       0.81211
420            15       0.82776
421            15       0.84344
422            15       0.85906
423            15       0.87472
424            15        0.8904
425            15       0.90606
426            15       0.92175
427            15       0.93744
428            15       0.95312
429            15       0.96874
430            15       0.98438
431   15    1
431   26    0
432            26       0.01192
433            26       0.02389
434            26       0.03587
435            26       0.04783
436            26       0.05981
437            26       0.07173
438            26        0.0837
439            26       0.09568
440            26       0.10766
441            26       0.11964
442            26       0.13157
443            26       0.14341
444            26       0.15533
445            26       0.16726
446            26       0.17923
447            26       0.19115
448            26       0.20312
449            26       0.21509
450            26       0.22704
451            26       0.23898
452            26       0.25085
453            26       0.26281
454            26        0.2747
455            26       0.28664
456            26       0.29859
457            26       0.31037
458            26       0.32233
459            26       0.33426
460            26       0.34614
461            26       0.35778
462            26       0.36969
463            26       0.38163
464            26       0.39362
465            26       0.40554
466            26       0.41751
467            26       0.42933
468            26       0.44128
469            26        0.4532
470            26       0.46508
471            26       0.47701
472            26       0.48891
473            26       0.50083
474            26       0.51279
475            26        0.5247
476            26       0.53653
477            26       0.54847
478            26       0.56042
479            26       0.57239
480            26       0.58435
481            26       0.59629
482            26       0.60816
483            26       0.62008
484            26        0.6314
485            26       0.64334
486            26       0.65522
487            26       0.66714
488            26       0.67911
489            26       0.69099
490            26       0.70293
491            26       0.71446
492            26       0.72626
493            26       0.73816
494            26       0.75013
495            26        0.7621
496            26       0.77409
497            26       0.78603
498            26       0.79793
499            26       0.80989
500            26       0.82183
501            26       0.83382
502            26       0.84579
503            26       0.85774
504            26       0.86971
505            26       0.88168
506            26       0.89331
507            26       0.90519
508            26       0.91699
509            26       0.92896
510            26       0.94088
511            26       0.95251
512            26       0.96438
513            26       0.97631
514            26       0.98809
515   26    1
515   46    0
516            46       0.01677
517            46       0.03345
518            46       0.05005
519            46       0.06683
520            46       0.08345
521            46       0.10022
522            46       0.11685
523            46       0.13364
524            46       0.15013
525            46       0.16675
526            46       0.18346
527            46       0.20024
528            46       0.21696
529            46       0.23371
530            46       0.25047
531            46       0.26725
532            46       0.28182
533            46       0.29801
534            46       0.31455
535            46       0.33107
536            46       0.34712
537            46       0.36384
538            46       0.38049
539            46       0.39729
540            46       0.41408
541            46       0.43087
542            46       0.44766
543            46       0.46443
544            46       0.48119
545            46       0.49798
546            46       0.51474
547            46       0.53153
548            46       0.54829
549            46       0.56501
550            46       0.58176
551            46        0.5985
552            46       0.61529
553            46       0.63208
554            46       0.64886
555            46       0.66564
556            46       0.68196
557            46       0.69872
558            46       0.71551
559            46       0.73211
560            46       0.74879
561            46       0.76552
562            46       0.78228
563            46       0.79899
564            46       0.81575
565            46       0.83254
566            46       0.84933
567            46       0.86608
568            46       0.88284
569            46       0.89962
570            46       0.91641
571            46       0.93314
572            46       0.94988
573            46       0.96659
574            46        0.9832
575   46    1
37   3   0
576             3       0.15782
577             3       0.32733
578             3       0.49209
579             3        0.6613
580             3       0.83071
581    3    1
581   16    0
582            16       0.02571
583            16       0.05141
584            16       0.07703
585            16       0.10196
586            16       0.12742
587            16       0.15285
588            16       0.17844
589            16         0.204
590            16       0.22977
591            16       0.25554
592            16       0.28131
593            16       0.30707
594            16       0.33284
595            16       0.35846
596            16       0.38422
597            16       0.40991
598            16        0.4356
599            16       0.46121
600            16       0.48697
601            16       0.51273
602            16       0.53828
603            16       0.56393
604            16       0.58964
605            16       0.61506
606            16       0.64082
607            16       0.66656
608            16       0.69205
609            16       0.71752
610            16       0.74321
611            16       0.76884
612            16       0.79454
613            16       0.82018
614            16       0.84574
615            16       0.87144
616            16       0.89717
617            16       0.92284
618            16       0.94852
619            16       0.97424
620   16    1
620   27    0
621            27       0.01259
622            27       0.02511
623            27       0.03769
624            27       0.05027
625            27       0.06287
626            27       0.07543
627            27       0.08801
628            27       0.10056
629            27       0.11313
630            27       0.12568
631            27       0.13813
632            27        0.1507
633            27       0.16323
634            27       0.17581
635            27       0.18841
636            27       0.20101
637            27       0.21349
638            27       0.22601
639            27       0.23857
640            27       0.25099
641            27       0.26356
642            27       0.27614
643            27       0.28867
644            27       0.30115
645            27       0.31347
646            27       0.32605
647            27       0.33858
648            27       0.35115
649            27       0.36372
650            27       0.37628
651            27       0.38858
652            27       0.40114
653            27       0.41349
654            27       0.42596
655            27       0.43843
656            27       0.45091
657            27       0.46346
658            27       0.47579
659            27        0.4883
660            27        0.5008
661            27       0.51322
662            27       0.52574
663            27        0.5383
664            27       0.55088
665            27       0.56337
666            27       0.57567
667            27       0.58824
668            27       0.60081
669            27       0.61297
670            27       0.62548
671            27       0.63764
672            27       0.65018
673            27       0.66271
674            27       0.67446
675            27       0.68676
676            27       0.69923
677            27       0.71181
678            27       0.72439
679            27       0.73693
680            27       0.74944
681            27        0.7619
682            27       0.77447
683            27       0.78706
684            27       0.79965
685            27       0.81211
686            27       0.82461
687            27        0.8369
688            27        0.8495
689            27       0.86207
690            27       0.87453
691            27         0.887
692            27       0.89959
693            27       0.91211
694            27       0.92471
695            27       0.93729
696            27       0.94987
697            27       0.96241
698            27       0.97497
699            27       0.98742
700   27    1
700   47    0
701            47       0.01541
702            47       0.03087
703            47       0.04631
704            47       0.06176
705            47       0.07697
706            47       0.09196
707            47       0.10744
708            47       0.12289
709            47       0.13835
710            47       0.15371
711            47       0.16915
712            47       0.18459
713            47       0.20004
714            47       0.21545
715            47       0.23079
716            47       0.24621
717            47       0.26159
718            47       0.27686
719            47        0.2923
720            47       0.30777
721            47       0.32322
722            47       0.33867
723            47       0.35415
724            47       0.36957
725            47       0.38502
726            47       0.40044
727            47       0.41558
728            47       0.43096
729            47       0.44634
730            47       0.46181
731            47       0.47727
732            47       0.49244
733            47       0.50776
734            47       0.52285
735            47       0.53832
736            47        0.5537
737            47       0.56914
738            47        0.5844
739            47       0.59957
740            47       0.61502
741            47        0.6303
742            47       0.64571
743            47       0.66116
744            47       0.67645
745            47       0.69172
746            47       0.70704
747            47       0.72229
748            47       0.73764
749            47       0.75308
750            47       0.76854
751            47       0.78386
752            47       0.79931
753            47       0.81476
754            47       0.83017
755            47       0.84558
756            47       0.86105
757            47       0.87628
758            47       0.89166
759            47       0.90713
760            47        0.9226
761            47       0.93808
762            47       0.95357
763            47       0.96905
764            47       0.98452
765   47    1
9  4  0
766             4       0.03562
767             4       0.07024
768             4       0.10465
769             4       0.13903
770             4       0.17363
771             4       0.20834
772             4       0.24277
773             4       0.27759
774             4       0.30941
775             4       0.34424
776             4       0.37895
777             4       0.41357
778             4       0.44781
779             4       0.48245
780             4       0.51722
781             4        0.5516
782             4       0.58603
783             4       0.61921
784             4       0.65305
785             4       0.68784
786             4       0.72272
787             4       0.75761
788             4       0.79242
789             4       0.82676
790             4       0.86155
791             4       0.89617
792             4       0.93099
793             4        0.9652
794    4    1
794   17    0
795            17       0.02258
796            17       0.04534
797            17       0.06851
798            17       0.09144
799            17       0.11452
800            17       0.13759
801            17       0.15879
802            17       0.18184
803            17       0.20254
804            17       0.22556
805            17       0.24808
806            17       0.27117
807            17       0.29386
808            17       0.31702
809            17       0.33884
810            17       0.36157
811            17        0.3847
812            17       0.40784
813            17         0.431
814            17       0.45421
815            17       0.47741
816            17       0.50034
817            17       0.52302
818            17       0.54618
819            17       0.56924
820            17       0.59233
821            17       0.61498
822            17       0.63753
823            17       0.65896
824            17       0.68192
825            17       0.70377
826            17        0.7269
827            17       0.74867
828            17       0.77189
829            17       0.79512
830            17        0.8172
831            17       0.84024
832            17       0.86258
833            17       0.88544
834            17       0.90837
835            17        0.9316
836            17       0.95388
837            17       0.97694
838   17    1
838   28    0
839            28       0.01995
840            28       0.03976
841            28       0.05952
842            28       0.07911
843            28       0.09929
844            28       0.11904
845            28        0.1393
846            28       0.15947
847            28       0.17967
848            28       0.19995
849            28       0.22003
850            28       0.23938
851            28       0.25899
852            28       0.27885
853            28        0.2991
854            28       0.31799
855            28       0.33741
856            28       0.35707
857            28       0.37714
858            28       0.39739
859            28       0.41722
860            28       0.43749
861            28       0.45766
862            28       0.47785
863            28       0.49802
864            28       0.51821
865            28       0.53829
866            28       0.55845
867            28       0.57849
868            28        0.5985
869            28       0.61875
870            28       0.63849
871            28       0.65873
872            28       0.67889
873            28       0.69887
874            28       0.71887
875            28       0.73851
876            28       0.75832
877            28       0.77847
878            28       0.79868
879            28       0.81854
880            28       0.83881
881            28       0.85878
882            28       0.87897
883            28       0.89917
884            28       0.91944
885            28       0.93949
886            28       0.95951
887            28       0.97977
888   28    1
888   29    0
889            29       0.02585
890            29       0.05177
891            29       0.07771
892            29       0.10363
893            29       0.12945
894            29       0.15537
895            29       0.18123
896            29       0.20695
897            29        0.2327
898            29       0.25862
899            29        0.2845
900            29        0.3103
901            29       0.33596
902            29       0.36169
903            29       0.38729
904            29       0.41269
905            29       0.43849
906            29        0.4639
907            29       0.48906
908            29       0.51485
909            29       0.54052
910            29       0.56616
911            29       0.59181
912            29       0.61738
913            29       0.64301
914            29       0.66879
915            29       0.69401
916            29       0.71987
917            29       0.74573
918            29       0.77099
919            29       0.79609
920            29       0.82197
921            29       0.84774
922            29       0.87322
923            29       0.89885
924            29        0.9242
925            29       0.94918
926            29       0.97433
927   29    1
927   48    0
928            48         0.266
929            48       0.52763
930            48       0.79661
931   48    1
931   49    0
932            49       0.01257
933            49       0.02206
934            49       0.03168
935            49       0.04132
936            49       0.05098
937            49       0.06064
938            49        0.0703
939            49       0.07997
940            49       0.08964
941            49       0.09921
942            49       0.10872
943            49       0.11821
944            49       0.12779
945            49       0.13744
946            49       0.14698
947            49       0.15658
948            49       0.16599
949            49       0.17559
950            49       0.18511
951            49       0.19471
952            49       0.20434
953            49         0.214
954            49       0.22367
955            49       0.23322
956            49       0.24288
957            49       0.25249
958            49       0.26178
959            49       0.27136
960            49       0.28099
961            49        0.2906
962            49       0.30025
963            49       0.30991
964            49       0.31948
965            49       0.32915
966            49        0.3387
967            49       0.34832
968            49       0.35788
969            49       0.36751
970            49       0.37719
971            49       0.38686
972            49        0.3965
973            49       0.40605
974            49        0.4157
975            49       0.42523
976            49       0.43477
977            49       0.44438
978            49       0.45402
979            49       0.46369
980            49       0.47313
981            49       0.48259
982            49        0.4922
983            49       0.50182
984            49        0.5115
985            49       0.52117
986            49       0.53083
987            49       0.54044
988            49       0.55007
989            49       0.55975
990            49       0.56938
991            49       0.57887
992            49       0.58855
993            49       0.59785
994            49       0.60744
995            49       0.61648
996            49       0.62609
997            49       0.63546
998            49       0.64512
999            49       0.65475
1000             49        0.66431
1001             49        0.67391
1002             49        0.68345
1003             49        0.69253
1004             49        0.70205
1005             49        0.71143
1006             49        0.72072
1007             49        0.73038
1008             49        0.74003
1009             49        0.74969
1010             49        0.75936
1011             49        0.76903
1012             49        0.77872
1013             49        0.78838
1014             49        0.79805
1015             49        0.80772
1016             49        0.81738
1017             49        0.82701
1018             49        0.83667
1019             49        0.84615
1020             49        0.85575
1021             49        0.86534
1022             49        0.87496
1023             49        0.88452
1024             49        0.89398
1025             49        0.90366
1026             49        0.91331
1027             49          0.923
1028             49        0.93268
1029             49        0.94227
1030             49        0.95193
1031             49         0.9616
1032             49        0.97127
1033             49        0.98076
1034             49        0.99034
1035    49     1
931   50    0
1036             50        0.01533
1037             50        0.02773
1038             50        0.04025
1039             50        0.05273
1040             50        0.06472
1041             50        0.07688
1042             50        0.08944
1043             50        0.10189
1044             50        0.11419
1045             50        0.12657
1046             50        0.13901
1047             50        0.15141
1048             50        0.16398
1049             50         0.1765
1050             50        0.18907
1051             50        0.20163
1052             50         0.2141
1053             50         0.2264
1054             50        0.23861
1055             50        0.25105
1056             50        0.26357
1057             50        0.27615
1058             50        0.28872
1059             50        0.30098
1060             50        0.31353
1061             50        0.32568
1062             50        0.33756
1063             50        0.35006
1064             50        0.36261
1065             50        0.37512
1066             50        0.38762
1067             50        0.40014
1068             50        0.41273
1069             50        0.42526
1070             50        0.43785
1071             50        0.45044
1072             50        0.46284
1073             50        0.47538
1074             50        0.48798
1075             50        0.50057
1076             50        0.51314
1077             50        0.52568
1078             50        0.53827
1079             50        0.55077
1080             50        0.56334
1081             50        0.57591
1082             50        0.58819
1083             50        0.60049
1084             50        0.61306
1085             50        0.62557
1086             50        0.63814
1087             50        0.65073
1088             50        0.66331
1089             50        0.67582
1090             50         0.6884
1091             50        0.70101
1092             50        0.71358
1093             50        0.72598
1094             50         0.7385
1095             50        0.75103
1096             50        0.76327
1097             50        0.77484
1098             50        0.78737
1099             50         0.7998
1100             50        0.81241
1101             50        0.82486
1102             50        0.83733
1103             50        0.84979
1104             50        0.86212
1105             50        0.87467
1106             50        0.88667
1107             50        0.89924
1108             50        0.91179
1109             50        0.92436
1110             50        0.93697
1111             50        0.94957
1112             50        0.96218
1113             50        0.97478
1114             50         0.9874
1115    50     1
888   30    0
1116             30        0.01758
1117             30        0.04619
1118             30        0.07505
1119             30        0.10407
1120             30        0.13328
1121             30        0.16243
1122             30        0.19157
1123             30        0.22059
1124             30        0.24945
1125             30        0.27773
1126             30        0.30677
1127             30        0.33461
1128             30        0.36364
1129             30         0.3928
1130             30        0.42195
1131             30        0.45123
1132             30        0.48052
1133             30        0.50981
1134             30        0.53905
1135             30        0.56822
1136             30        0.59712
1137             30        0.62634
1138             30        0.65548
1139             30        0.68431
1140             30        0.71345
1141             30        0.74262
1142             30        0.77166
1143             30        0.80047
1144             30        0.82801
1145             30        0.85683
1146             30        0.88604
1147             30        0.91373
1148             30         0.9427
1149             30        0.97108
1150    30     1
1150    51     0
1151    51     1
1151    52     0
1152             52        0.01856
1153             52         0.0321
1154             52        0.04637
1155             52        0.06119
1156             52        0.07601
1157             52        0.09066
1158             52        0.10442
1159             52        0.11898
1160             52        0.13385
1161             52        0.14853
1162             52        0.16287
1163             52        0.17763
1164             52         0.1925
1165             52        0.20737
1166             52        0.22224
1167             52        0.23712
1168             52          0.252
1169             52        0.26681
1170             52        0.28159
1171             52        0.29648
1172             52        0.31133
1173             52        0.32619
1174             52        0.34105
1175             52        0.35585
1176             52        0.37046
1177             52        0.38531
1178             52        0.40017
1179             52        0.41493
1180             52        0.42957
1181             52        0.44423
1182             52        0.45854
1183             52        0.47331
1184             52        0.48753
1185             52        0.50239
1186             52         0.5172
1187             52        0.53202
1188             52        0.54667
1189             52        0.56135
1190             52        0.57573
1191             52        0.59059
1192             52        0.60495
1193             52        0.61962
1194             52        0.63414
1195             52        0.64901
1196             52        0.66341
1197             52        0.67816
1198             52        0.69247
1199             52        0.70735
1200             52        0.72207
1201             52        0.73668
1202             52        0.75156
1203             52        0.76625
1204             52        0.78098
1205             52        0.79581
1206             52        0.81053
1207             52        0.82526
1208             52        0.84011
1209             52        0.85457
1210             52        0.86901
1211             52        0.88384
1212             52        0.89819
1213             52        0.91284
1214             52        0.92758
1215             52        0.94108
1216             52        0.95597
1217             52        0.97074
1218             52        0.98519
1219    52     1
1151    53     0
1220             53        0.01789
1221             53        0.03274
1222             53        0.04776
1223             53         0.0629
1224             53        0.07783
1225             53        0.09264
1226             53        0.10682
1227             53        0.12083
1228             53        0.13538
1229             53        0.15046
1230             53        0.16548
1231             53        0.18043
1232             53        0.19547
1233             53        0.20997
1234             53        0.22501
1235             53        0.23978
1236             53        0.25487
1237             53        0.26919
1238             53        0.28426
1239             53        0.29863
1240             53        0.31371
1241             53        0.32843
1242             53        0.34356
1243             53        0.35862
1244             53        0.37372
1245             53        0.38867
1246             53        0.40351
1247             53        0.41851
1248             53        0.43345
1249             53        0.44846
1250             53        0.46345
1251             53         0.4785
1252             53        0.49353
1253             53        0.50841
1254             53        0.52321
1255             53        0.53808
1256             53        0.55321
1257             53        0.56704
1258             53        0.58157
1259             53        0.59666
1260             53        0.61171
1261             53        0.62679
1262             53         0.6418
1263             53        0.65694
1264             53        0.67181
1265             53        0.68687
1266             53        0.70167
1267             53        0.71668
1268             53        0.73154
1269             53        0.74665
1270             53        0.76087
1271             53        0.77534
1272             53        0.78978
1273             53        0.80464
1274             53        0.81888
1275             53        0.83401
1276             53        0.84917
1277             53        0.86432
1278             53        0.87943
1279             53        0.89432
1280             53        0.90948
1281             53        0.92456
1282             53        0.93948
1283             53        0.95458
1284             53        0.96969
1285             53        0.98484
1286    53     1
7  5  0
1287              5        0.04835
1288              5        0.09678
1289              5        0.14517
1290              5        0.19338
1291              5        0.24158
1292              5        0.28949
1293              5        0.33769
1294              5         0.3853
1295              5        0.43365
1296              5        0.48198
1297              5        0.53029
1298              5        0.57867
1299              5        0.62678
1300              5        0.67517
1301              5        0.72346
1302              5        0.77168
1303              5        0.81931
1304              5        0.86757
1305              5        0.91557
1306              5        0.96372
1307     5     1
1307     6     0
1308              6         0.1234
1309              6        0.22009
1310              6        0.31665
1311              6        0.41466
1312              6        0.51328
1313              6        0.61142
1314              6        0.71095
1315              6        0.80938
1316              6        0.90799
1317     6     1
1317     7     0
1318              7        0.35329
1319              7        0.66419
1320     7     1
1320    18     0
1321             18        0.02405
1322             18         0.0481
1323             18         0.0719
1324             18        0.09594
1325             18        0.11989
1326             18        0.14397
1327             18        0.16802
1328             18        0.19117
1329             18         0.2137
1330             18        0.23725
1331             18        0.26131
1332             18        0.28541
1333             18        0.30952
1334             18        0.33344
1335             18        0.35751
1336             18        0.38143
1337             18        0.40546
1338             18        0.42956
1339             18        0.45326
1340             18        0.47728
1341             18        0.50124
1342             18        0.52532
1343             18        0.54941
1344             18        0.57349
1345             18        0.59752
1346             18        0.62074
1347             18        0.64474
1348             18        0.66724
1349             18        0.69114
1350             18        0.71457
1351             18        0.73833
1352             18        0.76187
1353             18        0.78567
1354             18        0.80965
1355             18        0.83365
1356             18        0.85768
1357             18        0.88118
1358             18        0.90491
1359             18        0.92809
1360             18        0.95187
1361             18        0.97593
1362    18     1
1362    31     0
1363             31        0.08114
1364             31        0.16501
1365             31        0.24715
1366             31        0.33089
1367             31        0.41509
1368             31        0.49941
1369             31        0.58349
1370             31        0.66763
1371             31        0.75172
1372             31        0.83449
1373             31        0.91863
1374    31     1
1374    32     0
1375             32        0.04435
1376             32        0.08627
1377             32         0.1284
1378             32        0.17056
1379             32        0.21194
1380             32        0.25424
1381             32        0.29682
1382             32        0.33891
1383             32        0.38096
1384             32        0.42361
1385             32        0.46378
1386             32        0.50413
1387             32        0.54643
1388             32        0.58768
1389             32        0.63017
1390             32        0.67255
1391             32        0.71432
1392             32         0.7568
1393             32        0.79455
1394             32        0.83702
1395             32        0.87671
1396             32        0.91936
1397             32        0.96204
1398    32     1
1398    33     0
1399             33        0.01766
1400             33        0.03339
1401             33        0.04937
1402             33        0.06507
1403             33        0.08097
1404             33        0.09666
1405             33        0.11265
1406             33        0.12841
1407             33         0.1439
1408             33        0.15958
1409             33        0.17554
1410             33        0.19127
1411             33        0.20712
1412             33        0.22312
1413             33        0.23867
1414             33         0.2545
1415             33        0.27039
1416             33        0.28639
1417             33        0.30232
1418             33        0.31831
1419             33        0.33431
1420             33        0.35012
1421             33        0.36613
1422             33        0.38148
1423             33         0.3974
1424             33        0.41314
1425             33        0.42908
1426             33        0.44502
1427             33        0.46097
1428             33        0.47696
1429             33        0.49295
1430             33        0.50877
1431             33        0.52471
1432             33        0.54048
1433             33        0.55649
1434             33        0.57251
1435             33        0.58851
1436             33        0.60451
1437             33        0.62052
1438             33         0.6365
1439             33         0.6525
1440             33        0.66838
1441             33        0.68436
1442             33        0.70024
1443             33         0.7162
1444             33        0.73207
1445             33        0.74802
1446             33          0.764
1447             33         0.7796
1448             33         0.7956
1449             33          0.811
1450             33        0.82699
1451             33        0.84279
1452             33        0.85866
1453             33        0.87407
1454             33        0.89006
1455             33        0.90594
1456             33        0.92167
1457             33        0.93751
1458             33        0.95302
1459             33        0.96847
1460             33        0.98442
1461    33     1
1461    54     0
1462             54        0.00898
1463             54        0.01816
1464             54        0.02734
1465             54        0.03653
1466             54        0.04566
1467             54        0.05479
1468             54         0.0639
1469             54        0.07308
1470             54        0.08226
1471             54        0.09123
1472             54        0.10015
1473             54        0.10933
1474             54        0.11824
1475             54        0.12739
1476             54        0.13623
1477             54        0.14533
1478             54        0.15426
1479             54        0.16315
1480             54        0.17234
1481             54        0.18153
1482             54        0.19069
1483             54        0.19988
1484             54        0.20899
1485             54        0.21818
1486             54        0.22737
1487             54        0.23651
1488             54        0.24563
1489             54        0.25473
1490             54         0.2639
1491             54        0.27295
1492             54        0.28213
1493             54         0.2913
1494             54        0.30048
1495             54        0.30954
1496             54        0.31864
1497             54         0.3277
1498             54        0.33684
1499             54        0.34551
1500             54        0.35446
1501             54        0.36363
1502             54        0.37271
1503             54        0.38163
1504             54        0.39077
1505             54        0.39982
1506             54        0.40881
1507             54        0.41755
1508             54        0.42666
1509             54         0.4358
1510             54        0.44488
1511             54        0.45397
1512             54        0.46314
1513             54        0.47208
1514             54        0.48105
1515             54        0.49024
1516             54        0.49937
1517             54        0.50851
1518             54        0.51769
1519             54        0.52665
1520             54        0.53579
1521             54        0.54498
1522             54        0.55405
1523             54        0.56317
1524             54        0.57234
1525             54        0.58136
1526             54        0.59049
1527             54        0.59954
1528             54        0.60873
1529             54        0.61792
1530             54        0.62704
1531             54        0.63619
1532             54        0.64533
1533             54         0.6542
1534             54        0.66273
1535             54        0.67192
1536             54        0.68096
1537             54        0.68998
1538             54        0.69781
1539             54          0.707
1540             54        0.71618
1541             54        0.72513
1542             54        0.73424
1543             54        0.74334
1544             54        0.75248
1545             54        0.76154
1546             54        0.77072
1547             54        0.77989
1548             54        0.78905
1549             54        0.79823
1550             54        0.80739
1551             54        0.81657
1552             54        0.82573
1553             54        0.83489
1554             54        0.84405
1555             54        0.85322
1556             54        0.86241
1557             54         0.8716
1558             54         0.8808
1559             54        0.88999
1560             54        0.89916
1561             54        0.90835
1562             54         0.9175
1563             54        0.92668
1564             54        0.93583
1565             54          0.945
1566             54        0.95415
1567             54        0.96333
1568             54        0.97252
1569             54        0.98171
1570             54        0.99088
1571    54     1
1398    34     0
1572             34        0.01579
1573             34        0.02978
1574             34        0.04387
1575             34        0.05786
1576             34        0.07186
1577             34        0.08599
1578             34        0.10016
1579             34        0.11415
1580             34        0.12831
1581             34        0.14247
1582             34        0.15652
1583             34        0.17062
1584             34         0.1842
1585             34        0.19804
1586             34        0.21215
1587             34        0.22609
1588             34        0.24009
1589             34        0.25423
1590             34        0.26818
1591             34        0.28224
1592             34        0.29612
1593             34        0.31029
1594             34         0.3244
1595             34         0.3385
1596             34        0.35262
1597             34         0.3668
1598             34        0.38097
1599             34        0.39503
1600             34        0.40924
1601             34        0.42344
1602             34        0.43758
1603             34        0.45168
1604             34        0.46579
1605             34        0.47938
1606             34        0.49341
1607             34        0.50743
1608             34        0.52158
1609             34        0.53573
1610             34        0.54978
1611             34        0.56395
1612             34        0.57816
1613             34        0.59236
1614             34        0.60637
1615             34        0.62038
1616             34        0.63445
1617             34        0.64859
1618             34        0.66272
1619             34        0.67692
1620             34        0.69111
1621             34        0.70522
1622             34        0.71936
1623             34        0.73351
1624             34        0.74756
1625             34        0.76144
1626             34        0.77564
1627             34        0.78955
1628             34        0.80368
1629             34        0.81778
1630             34        0.83187
1631             34          0.846
1632             34        0.86019
1633             34        0.87427
1634             34        0.88842
1635             34        0.90255
1636             34        0.91626
1637             34        0.93042
1638             34        0.94424
1639             34        0.95819
1640             34        0.97187
1641             34         0.9859
1642    34     1
1642    55     0
1643             55        0.01398
1644             55        0.02784
1645             55        0.04179
1646             55        0.05581
1647             55        0.06985
1648             55        0.08386
1649             55        0.09775
1650             55        0.11163
1651             55        0.12565
1652             55        0.13952
1653             55        0.15354
1654             55        0.16752
1655             55        0.18143
1656             55        0.19546
1657             55        0.20912
1658             55        0.22315
1659             55         0.2372
1660             55        0.25101
1661             55        0.26499
1662             55        0.27898
1663             55          0.293
1664             55        0.30692
1665             55        0.32075
1666             55        0.33451
1667             55        0.34829
1668             55        0.36216
1669             55         0.3762
1670             55        0.39025
1671             55        0.40422
1672             55         0.4182
1673             55         0.4322
1674             55        0.44583
1675             55        0.45951
1676             55        0.47318
1677             55        0.48675
1678             55        0.50079
1679             55        0.51472
1680             55        0.52846
1681             55        0.54237
1682             55        0.55632
1683             55        0.57032
1684             55        0.58422
1685             55         0.5982
1686             55        0.61215
1687             55        0.62616
1688             55        0.64015
1689             55          0.654
1690             55        0.66731
1691             55        0.68127
1692             55        0.69526
1693             55        0.70928
1694             55        0.72319
1695             55        0.73713
1696             55        0.75098
1697             55        0.76494
1698             55        0.77871
1699             55        0.79271
1700             55        0.80665
1701             55        0.82039
1702             55        0.83404
1703             55        0.84781
1704             55        0.86181
1705             55        0.87582
1706             55        0.88986
1707             55        0.90344
1708             55        0.91744
1709             55        0.93089
1710             55        0.94444
1711             55        0.95842
1712             55        0.97197
1713             55        0.98594
1714    55     1
1374    35     0
1715             35        0.01529
1716             35        0.03021
1717             35        0.04495
1718             35        0.05969
1719             35        0.07457
1720             35        0.08955
1721             35        0.10448
1722             35        0.11937
1723             35        0.13439
1724             35        0.14928
1725             35        0.16433
1726             35        0.17938
1727             35        0.19426
1728             35        0.20928
1729             35        0.22401
1730             35        0.23898
1731             35        0.25385
1732             35        0.26881
1733             35        0.28383
1734             35        0.29882
1735             35        0.31383
1736             35        0.32885
1737             35        0.34388
1738             35        0.35885
1739             35        0.37378
1740             35        0.38876
1741             35        0.40355
1742             35        0.41832
1743             35        0.43332
1744             35        0.44828
1745             35        0.46328
1746             35        0.47831
1747             35        0.49335
1748             35        0.50834
1749             35        0.52325
1750             35          0.538
1751             35        0.55288
1752             35        0.56778
1753             35         0.5828
1754             35        0.59782
1755             35        0.61266
1756             35         0.6277
1757             35        0.64259
1758             35        0.65762
1759             35        0.67266
1760             35        0.68771
1761             35        0.70272
1762             35        0.71772
1763             35        0.73277
1764             35        0.74766
1765             35        0.76244
1766             35        0.77747
1767             35        0.79183
1768             35        0.80641
1769             35        0.82135
1770             35        0.83631
1771             35        0.85136
1772             35        0.86641
1773             35        0.88127
1774             35        0.89626
1775             35        0.91101
1776             35        0.92598
1777             35        0.94098
1778             35        0.95594
1779             35         0.9708
1780             35        0.98551
1781    35     1
1781    56     0
1782             56        0.01528
1783             56        0.03056
1784             56        0.04585
1785             56        0.06112
1786             56        0.07641
1787             56        0.09149
1788             56         0.1066
1789             56        0.12182
1790             56        0.13703
1791             56        0.15232
1792             56        0.16748
1793             56        0.18264
1794             56        0.19793
1795             56        0.21302
1796             56        0.22819
1797             56        0.24318
1798             56        0.25838
1799             56        0.27365
1800             56         0.2887
1801             56        0.30389
1802             56        0.31914
1803             56         0.3344
1804             56        0.34947
1805             56        0.36468
1806             56        0.37971
1807             56          0.395
1808             56        0.41012
1809             56        0.42532
1810             56        0.44037
1811             56        0.45565
1812             56        0.47085
1813             56        0.48597
1814             56        0.50121
1815             56        0.51632
1816             56        0.53088
1817             56        0.54603
1818             56        0.56114
1819             56        0.57624
1820             56         0.5915
1821             56        0.60664
1822             56        0.62183
1823             56        0.63672
1824             56        0.65193
1825             56        0.66719
1826             56        0.68237
1827             56         0.6975
1828             56        0.71273
1829             56        0.72773
1830             56        0.74291
1831             56        0.75785
1832             56        0.77306
1833             56        0.78828
1834             56        0.80335
1835             56         0.8185
1836             56        0.83364
1837             56        0.84887
1838             56        0.86402
1839             56        0.87928
1840             56        0.89434
1841             56         0.9094
1842             56        0.92465
1843             56        0.93992
1844             56        0.95518
1845             56        0.97038
1846             56        0.98501
1847    56     1
1317     8     0
1848              8        0.17411
1849              8        0.33469
1850              8         0.4963
1851              8        0.66684
1852              8        0.83193
1853     8     1
1853    19     0
1854             19        0.02376
1855             19        0.04772
1856             19        0.07155
1857             19        0.09512
1858             19        0.11862
1859             19        0.14238
1860             19         0.1663
1861             19        0.19014
1862             19        0.21403
1863             19        0.23794
1864             19        0.26187
1865             19        0.28579
1866             19        0.30968
1867             19        0.33335
1868             19        0.35728
1869             19        0.38087
1870             19        0.40472
1871             19        0.42846
1872             19        0.45235
1873             19        0.47615
1874             19        0.49994
1875             19        0.52372
1876             19        0.54709
1877             19        0.57103
1878             19        0.59492
1879             19        0.61879
1880             19         0.6426
1881             19        0.66648
1882             19        0.68985
1883             19        0.71367
1884             19        0.73758
1885             19        0.76152
1886             19        0.78538
1887             19        0.80928
1888             19        0.83324
1889             19        0.85696
1890             19        0.88068
1891             19        0.90429
1892             19        0.92822
1893             19        0.95217
1894             19        0.97609
1895    19     1
1895    36     0
1896             36        0.01168
1897             36        0.02339
1898             36        0.03509
1899             36        0.04679
1900             36        0.05849
1901             36        0.07006
1902             36        0.08143
1903             36        0.09308
1904             36        0.10416
1905             36         0.1157
1906             36        0.12739
1907             36        0.13904
1908             36        0.15074
1909             36        0.16242
1910             36        0.17412
1911             36        0.18581
1912             36        0.19734
1913             36        0.20901
1914             36         0.2207
1915             36        0.23223
1916             36        0.24391
1917             36         0.2556
1918             36        0.26729
1919             36        0.27898
1920             36        0.29066
1921             36        0.30227
1922             36        0.31392
1923             36         0.3256
1924             36         0.3373
1925             36        0.34888
1926             36         0.3604
1927             36        0.37204
1928             36        0.38362
1929             36         0.3952
1930             36        0.40676
1931             36        0.41844
1932             36        0.43014
1933             36        0.44178
1934             36        0.45346
1935             36        0.46516
1936             36        0.47683
1937             36        0.48838
1938             36        0.49939
1939             36         0.5111
1940             36        0.52273
1941             36        0.53411
1942             36        0.54573
1943             36        0.55741
1944             36        0.56911
1945             36        0.58081
1946             36        0.59249
1947             36        0.60416
1948             36        0.61582
1949             36        0.62728
1950             36        0.63886
1951             36        0.65055
1952             36        0.66224
1953             36        0.67394
1954             36        0.68562
1955             36        0.69732
1956             36        0.70902
1957             36        0.72073
1958             36        0.73237
1959             36        0.74402
1960             36        0.75572
1961             36        0.76741
1962             36        0.77908
1963             36        0.79078
1964             36         0.8024
1965             36        0.81399
1966             36        0.82565
1967             36        0.83729
1968             36        0.84887
1969             36        0.86052
1970             36        0.87219
1971             36        0.88375
1972             36        0.89534
1973             36        0.90688
1974             36        0.91859
1975             36        0.93017
1976             36        0.94174
1977             36        0.95327
1978             36         0.9649
1979             36        0.97659
1980             36         0.9883
1981    36     1
1981    57     0
1982             57        0.03712
1983             57        0.07422
1984             57        0.11126
1985             57        0.14835
1986             57        0.18547
1987             57        0.22254
1988             57        0.25924
1989             57        0.29615
1990             57        0.33302
1991             57        0.37008
1992             57        0.40718
1993             57         0.4442
1994             57         0.4811
1995             57        0.51817
1996             57        0.55514
1997             57        0.59225
1998             57        0.62933
1999             57        0.66639
2000             57        0.70347
2001             57        0.74041
2002             57        0.77743
2003             57        0.81451
2004             57        0.85158
2005             57        0.88865
2006             57        0.92576
2007             57        0.96288
2008    57     1
1307     9     0
2009              9        0.02919
2010              9        0.05202
2011              9         0.0748
2012              9        0.09758
2013              9        0.12012
2014              9        0.14272
2015              9        0.16548
2016              9        0.18823
2017              9        0.21092
2018              9        0.23369
2019              9        0.25655
2020              9        0.27935
2021              9        0.30195
2022              9        0.32466
2023              9        0.34665
2024              9        0.36901
2025              9        0.39129
2026              9        0.41303
2027              9        0.43533
2028              9        0.45801
2029              9        0.48066
2030              9        0.50269
2031              9        0.52547
2032              9        0.54796
2033              9        0.57073
2034              9        0.59339
2035              9        0.61611
2036              9        0.63859
2037              9        0.66143
2038              9        0.68404
2039              9        0.70682
2040              9        0.72963
2041              9         0.7524
2042              9        0.77496
2043              9        0.79773
2044              9        0.82047
2045              9        0.84331
2046              9        0.86589
2047              9        0.88873
2048              9        0.91152
2049              9        0.93417
2050              9        0.95702
2051              9        0.97983
2052     9     1
2052    10     0
2053             10        0.36172
2054             10        0.67853
2055    10     1
2055    20     0
2056             20         0.0205
2057             20        0.04109
2058             20        0.06165
2059             20        0.08197
2060             20        0.10255
2061             20        0.12221
2062             20        0.14276
2063             20        0.16333
2064             20        0.18388
2065             20        0.20382
2066             20        0.22372
2067             20        0.24374
2068             20        0.26409
2069             20        0.28454
2070             20        0.30505
2071             20        0.32551
2072             20          0.346
2073             20        0.36657
2074             20        0.38718
2075             20        0.40777
2076             20        0.42802
2077             20        0.44827
2078             20        0.46876
2079             20        0.48934
2080             20        0.50993
2081             20        0.53045
2082             20        0.55074
2083             20        0.57083
2084             20        0.59096
2085             20        0.61138
2086             20        0.63183
2087             20        0.65241
2088             20         0.6729
2089             20        0.69329
2090             20        0.71389
2091             20        0.73447
2092             20        0.75488
2093             20        0.77547
2094             20        0.79595
2095             20        0.81621
2096             20        0.83682
2097             20        0.85681
2098             20        0.87698
2099             20        0.89755
2100             20        0.91809
2101             20        0.93855
2102             20        0.95899
2103             20        0.97957
2104    20     1
2104    37     0
2105             37        0.01176
2106             37        0.02352
2107             37        0.03535
2108             37        0.04717
2109             37        0.05897
2110             37        0.07068
2111             37        0.08252
2112             37        0.09427
2113             37          0.106
2114             37        0.11783
2115             37        0.12968
2116             37        0.14151
2117             37        0.15319
2118             37        0.16489
2119             37        0.17669
2120             37        0.18852
2121             37        0.20026
2122             37          0.212
2123             37         0.2235
2124             37        0.23517
2125             37        0.24676
2126             37        0.25856
2127             37        0.27034
2128             37        0.28215
2129             37        0.29398
2130             37        0.30574
2131             37        0.31727
2132             37        0.32892
2133             37        0.34069
2134             37        0.35251
2135             37        0.36396
2136             37        0.37577
2137             37        0.38719
2138             37        0.39898
2139             37        0.41077
2140             37        0.42259
2141             37        0.43441
2142             37        0.44614
2143             37        0.45788
2144             37        0.46956
2145             37        0.48133
2146             37        0.49316
2147             37        0.50499
2148             37        0.51679
2149             37        0.52864
2150             37        0.54047
2151             37         0.5518
2152             37        0.56361
2153             37        0.57543
2154             37        0.58717
2155             37        0.59897
2156             37        0.61071
2157             37        0.62255
2158             37        0.63432
2159             37        0.64601
2160             37        0.65778
2161             37        0.66964
2162             37        0.68149
2163             37        0.69323
2164             37        0.70495
2165             37        0.71664
2166             37         0.7285
2167             37        0.74034
2168             37         0.7521
2169             37        0.76392
2170             37         0.7757
2171             37        0.78755
2172             37        0.79919
2173             37        0.81094
2174             37        0.82279
2175             37        0.83464
2176             37         0.8463
2177             37        0.85804
2178             37        0.86987
2179             37        0.88167
2180             37        0.89349
2181             37        0.90533
2182             37        0.91719
2183             37        0.92901
2184             37        0.94082
2185             37        0.95262
2186             37        0.96444
2187             37         0.9763
2188             37        0.98815
2189    37     1
2052    11     0
2190             11        0.07087
2191             11        0.13309
2192             11        0.19514
2193             11        0.25735
2194             11        0.31997
2195             11        0.38236
2196             11        0.44424
2197             11        0.50684
2198             11        0.56922
2199             11        0.63166
2200             11        0.69393
2201             11        0.75641
2202             11        0.81561
2203             11        0.87624
2204             11        0.93782
2205    11     1
2205    21     0
2206             21        0.01016
2207             21        0.02035
2208             21        0.03057
2209             21        0.04074
2210             21        0.05094
2211             21        0.06114
2212             21        0.07119
2213             21        0.08119
2214             21         0.0914
2215             21        0.10162
2216             21        0.11187
2217             21        0.12209
2218             21        0.13233
2219             21        0.14257
2220             21        0.15278
2221             21        0.16299
2222             21        0.17324
2223             21        0.18347
2224             21        0.19363
2225             21        0.20386
2226             21        0.21411
2227             21        0.22435
2228             21         0.2346
2229             21        0.24462
2230             21        0.25482
2231             21        0.26501
2232             21        0.27526
2233             21        0.28547
2234             21        0.29571
2235             21        0.30596
2236             21         0.3162
2237             21        0.32645
2238             21         0.3367
2239             21        0.34689
2240             21        0.35714
2241             21        0.36737
2242             21        0.37762
2243             21        0.38785
2244             21        0.39793
2245             21        0.40818
2246             21        0.41832
2247             21        0.42854
2248             21        0.43878
2249             21        0.44901
2250             21        0.45923
2251             21        0.46948
2252             21         0.4797
2253             21        0.48994
2254             21        0.50012
2255             21        0.51036
2256             21        0.52061
2257             21        0.53086
2258             21        0.54111
2259             21        0.55136
2260             21        0.56161
2261             21        0.57186
2262             21        0.58212
2263             21        0.59237
2264             21        0.60261
2265             21        0.61283
2266             21        0.62278
2267             21        0.63297
2268             21        0.64285
2269             21        0.65297
2270             21        0.66321
2271             21        0.67343
2272             21        0.68357
2273             21        0.69378
2274             21        0.70389
2275             21        0.71412
2276             21        0.72432
2277             21        0.73454
2278             21        0.74479
2279             21        0.75505
2280             21        0.76498
2281             21        0.77519
2282             21        0.78538
2283             21        0.79563
2284             21        0.80583
2285             21        0.81608
2286             21        0.82629
2287             21         0.8365
2288             21        0.84674
2289             21        0.85695
2290             21        0.86715
2291             21        0.87741
2292             21        0.88757
2293             21        0.89756
2294             21        0.90779
2295             21        0.91802
2296             21        0.92828
2297             21        0.93853
2298             21        0.94879
2299             21        0.95903
2300             21        0.96928
2301             21        0.97953
2302             21        0.98978
2303    21     1
2303    38     0
2304             38        0.33437
2305             38         0.6671
2306    38     1
5  62   0
2307             62        0.26617
2308             62         0.6385
2309    62     1
2309    12     0
2310             12         0.0089
2311             12        0.01778
2312             12        0.02673
2313             12        0.03568
2314             12        0.04463
2315             12        0.05359
2316             12        0.06255
2317             12        0.07149
2318             12        0.08045
2319             12        0.08939
2320             12        0.09835
2321             12        0.10731
2322             12        0.11624
2323             12        0.12491
2324             12        0.13382
2325             12        0.14269
2326             12        0.15146
2327             12         0.1604
2328             12        0.16932
2329             12        0.17828
2330             12        0.18716
2331             12        0.19596
2332             12        0.20488
2333             12         0.2138
2334             12        0.22274
2335             12         0.2317
2336             12        0.24065
2337             12        0.24958
2338             12        0.25852
2339             12        0.26746
2340             12        0.27634
2341             12         0.2853
2342             12        0.29424
2343             12        0.30315
2344             12        0.31192
2345             12        0.32085
2346             12        0.32972
2347             12        0.33864
2348             12        0.34757
2349             12        0.35653
2350             12        0.36549
2351             12        0.37445
2352             12        0.38341
2353             12        0.39231
2354             12        0.40121
2355             12        0.41015
2356             12        0.41911
2357             12        0.42805
2358             12        0.43695
2359             12        0.44587
2360             12         0.4547
2361             12        0.46348
2362             12        0.47239
2363             12        0.48132
2364             12        0.49028
2365             12        0.49924
2366             12        0.50812
2367             12        0.51706
2368             12        0.52597
2369             12        0.53488
2370             12        0.54383
2371             12        0.55276
2372             12        0.56172
2373             12        0.57068
2374             12        0.57963
2375             12        0.58859
2376             12        0.59755
2377             12        0.60651
2378             12        0.61546
2379             12        0.62442
2380             12        0.63338
2381             12        0.64234
2382             12         0.6513
2383             12        0.66026
2384             12        0.66919
2385             12        0.67811
2386             12        0.68696
2387             12        0.69592
2388             12        0.70488
2389             12         0.7138
2390             12        0.72271
2391             12        0.73166
2392             12        0.74063
2393             12        0.74957
2394             12        0.75853
2395             12        0.76739
2396             12        0.77628
2397             12        0.78509
2398             12        0.79393
2399             12        0.80278
2400             12        0.81171
2401             12        0.82051
2402             12        0.82945
2403             12        0.83837
2404             12        0.84729
2405             12         0.8559
2406             12        0.86376
2407             12        0.87272
2408             12         0.8812
2409             12        0.88971
2410             12        0.89841
2411             12        0.90709
2412             12        0.91505
2413             12        0.92298
2414             12        0.93137
2415             12           0.94
2416             12        0.94896
2417             12        0.95694
2418             12         0.9656
2419             12         0.9741
2420             12        0.98244
2421             12         0.9914
2422    12     1
2422    22     0
2423             22        0.01867
2424             22        0.03818
2425             22        0.06063
2426             22        0.08345
2427             22        0.10544
2428             22        0.12229
2429             22        0.14511
2430             22        0.16684
2431             22        0.18581
2432             22        0.20837
2433             22        0.23161
2434             22        0.25468
2435             22        0.27773
2436             22        0.30097
2437             22        0.32421
2438             22        0.34664
2439             22        0.36831
2440             22        0.39073
2441             22        0.40574
2442             22        0.42693
2443             22        0.44739
2444             22        0.46977
2445             22        0.49287
2446             22        0.51517
2447             22        0.53628
2448             22        0.55582
2449             22         0.5785
2450             22        0.60173
2451             22        0.62259
2452             22        0.64564
2453             22        0.66852
2454             22        0.69075
2455             22        0.71222
2456             22         0.7354
2457             22        0.75802
2458             22        0.78102
2459             22        0.80201
2460             22        0.82405
2461             22        0.84579
2462             22        0.86762
2463             22        0.89069
2464             22        0.90996
2465             22        0.93274
2466             22        0.95471
2467             22        0.97795
2468    22     1
2468    23     0
2469             23        0.50168
2470    23     1
2470    39     0
2471             39        0.01684
2472             39        0.03362
2473             39        0.05046
2474             39        0.06718
2475             39        0.08392
2476             39         0.1005
2477             39        0.11719
2478             39        0.13407
2479             39        0.15095
2480             39        0.16768
2481             39        0.18454
2482             39        0.20139
2483             39        0.21814
2484             39        0.23416
2485             39        0.25086
2486             39        0.26743
2487             39        0.28424
2488             39        0.30074
2489             39        0.31761
2490             39        0.33441
2491             39        0.35121
2492             39         0.3679
2493             39        0.38449
2494             39         0.4009
2495             39        0.41774
2496             39         0.4343
2497             39        0.45052
2498             39        0.46708
2499             39        0.48396
2500             39        0.50084
2501             39         0.5177
2502             39         0.5345
2503             39         0.5513
2504             39        0.56808
2505             39         0.5849
2506             39        0.60129
2507             39        0.61818
2508             39        0.63483
2509             39        0.65161
2510             39        0.66813
2511             39        0.68498
2512             39        0.70137
2513             39        0.71782
2514             39        0.73461
2515             39        0.75147
2516             39        0.76816
2517             39        0.78467
2518             39        0.80099
2519             39        0.81776
2520             39        0.83447
2521             39         0.8513
2522             39        0.86817
2523             39        0.88495
2524             39        0.90179
2525             39        0.91851
2526             39        0.93535
2527             39        0.95212
2528             39        0.96881
2529             39        0.98562
2530    39     1
2530    40     0
2531             40        0.04579
2532             40        0.08598
2533             40        0.12563
2534             40          0.165
2535             40        0.20504
2536             40        0.24527
2537             40        0.28528
2538             40        0.32498
2539             40        0.36507
2540             40        0.40503
2541             40        0.44492
2542             40        0.48493
2543             40        0.52514
2544             40        0.56519
2545             40         0.6054
2546             40        0.64497
2547             40        0.68335
2548             40        0.72302
2549             40        0.76188
2550             40        0.80102
2551             40        0.84125
2552             40        0.88142
2553             40         0.9215
2554             40        0.95992
2555    40     1
2555    58     0
2556             58        0.02134
2557             58        0.04287
2558             58        0.06364
2559             58        0.08502
2560             58        0.10613
2561             58         0.1275
2562             58        0.14901
2563             58        0.17032
2564             58        0.19189
2565             58        0.21318
2566             58        0.23451
2567             58        0.25577
2568             58        0.27694
2569             58        0.29812
2570             58        0.31973
2571             58        0.34108
2572             58        0.36269
2573             58        0.38418
2574             58        0.40548
2575             58        0.42701
2576             58        0.44815
2577             58        0.46965
2578             58        0.49057
2579             58        0.51144
2580             58        0.53239
2581             58        0.55369
2582             58        0.57476
2583             58         0.5962
2584             58        0.61781
2585             58        0.63933
2586             58        0.66085
2587             58        0.68247
2588             58        0.70392
2589             58         0.7253
2590             58         0.7466
2591             58        0.76817
2592             58        0.78953
2593             58        0.81054
2594             58         0.8319
2595             58        0.85339
2596             58        0.87288
2597             58        0.89313
2598             58        0.91471
2599             58         0.9363
2600             58         0.9578
2601             58         0.9784
2602    58     1
2530    41     0
2603             41        0.05109
2604             41        0.09654
2605             41        0.14198
2606             41        0.18501
2607             41        0.23009
2608             41        0.27563
2609             41        0.32019
2610             41         0.3657
2611             41        0.41072
2612             41        0.45537
2613             41        0.50068
2614             41        0.54589
2615             41        0.59071
2616             41        0.63625
2617             41        0.68187
2618             41          0.727
2619             41        0.77244
2620             41        0.81792
2621             41        0.86346
2622             41        0.90891
2623             41        0.95437
2624    41     1
2468    24     0
2625             24        0.33264
2626             24         0.6644
2627    24     1
2627    42     0
2628             42        0.01458
2629             42          0.029
2630             42        0.04344
2631             42        0.05787
2632             42        0.07242
2633             42        0.08686
2634             42         0.1013
2635             42        0.11582
2636             42        0.13019
2637             42        0.14471
2638             42        0.15927
2639             42        0.17383
2640             42        0.18833
2641             42         0.2028
2642             42        0.21735
2643             42        0.23188
2644             42        0.24641
2645             42        0.26096
2646             42        0.27538
2647             42        0.28989
2648             42        0.30435
2649             42        0.31891
2650             42         0.3335
2651             42        0.34797
2652             42        0.36253
2653             42        0.37712
2654             42        0.39118
2655             42        0.40566
2656             42         0.4202
2657             42        0.43468
2658             42        0.44921
2659             42         0.4638
2660             42        0.47839
2661             42        0.49298
2662             42        0.50757
2663             42        0.52215
2664             42        0.53674
2665             42        0.55127
2666             42        0.56572
2667             42         0.5798
2668             42        0.59435
2669             42        0.60861
2670             42        0.62314
2671             42        0.63759
2672             42        0.65208
2673             42        0.66652
2674             42        0.68103
2675             42        0.69555
2676             42        0.70987
2677             42         0.7243
2678             42         0.7387
2679             42        0.75324
2680             42        0.76777
2681             42        0.78223
2682             42        0.79677
2683             42        0.81131
2684             42         0.8257
2685             42        0.84022
2686             42        0.85467
2687             42        0.86915
2688             42        0.88335
2689             42         0.8979
2690             42        0.91249
2691             42        0.92709
2692             42        0.94165
2693             42        0.95623
2694             42        0.97082
2695             42        0.98541
2696    42     1
1  63   0
2697             63        0.12525
2698             63        0.25115
2699             63        0.37704
2700             63        0.50277
2701             63        0.62816
2702             63        0.75267
2703             63        0.87838
2704    63     1
