0  64   0
1  64   1
1  65   0
2           65      0.12389
3           65      0.24891
4           65      0.37427
5           65      0.49926
6           65      0.62383
7           65      0.74853
8           65      0.87395
9  65   1
9  0  0
10   0   1
10   1   0
11            1       0.0828
12            1      0.14508
13            1      0.20737
14            1      0.26963
15            1      0.33153
16            1      0.39348
17            1      0.45557
18            1      0.51694
19            1      0.57921
20            1      0.63937
21            1       0.7015
22            1      0.76372
23            1      0.82589
24            1      0.88612
25            1       0.9482
26   1   1
26   2   0
27            2      0.23224
28            2      0.42452
29            2      0.61615
30            2      0.80957
31   2   1
31  12   0
32           12      0.06278
33           12      0.12289
34           12      0.18576
35           12      0.24755
36           12      0.31035
37           12      0.37318
38           12       0.4359
39           12      0.49878
40           12      0.56166
41           12      0.62455
42           12       0.6862
43           12      0.74904
44           12      0.81155
45           12      0.87425
46           12      0.93715
47  12   1
47  13   0
48           13      0.03803
49           13      0.07948
50           13      0.12129
51           13      0.16316
52           13      0.20502
53           13      0.24678
54           13      0.28864
55           13      0.33054
56           13       0.3724
57           13      0.41426
58           13      0.45605
59           13      0.49793
60           13      0.53978
61           13      0.58166
62           13       0.6235
63           13      0.66537
64           13      0.70727
65           13      0.74914
66           13      0.79102
67           13       0.8329
68           13       0.8746
69           13      0.91623
70           13      0.95811
71  13   1
71  30   0
72           30      0.11239
73           30      0.22464
74           30       0.3368
75           30      0.44912
76           30      0.56138
77           30      0.67354
78           30      0.78592
79           30      0.89694
80  30   1
80  31   0
81           31      0.03114
82           31      0.06064
83           31      0.09017
84           31      0.11969
85           31      0.14921
86           31      0.17867
87           31      0.20818
88           31      0.23773
89           31      0.26723
90           31      0.29675
91           31      0.32622
92           31      0.35552
93           31      0.38501
94           31      0.41451
95           31      0.44404
96           31      0.47358
97           31      0.50311
98           31      0.53263
99           31      0.56214
100            31       0.59167
101            31       0.62114
102            31        0.6505
103            31       0.67997
104            31        0.7095
105            31       0.73889
106            31       0.76819
107            31       0.79761
108            31       0.82714
109            31       0.85644
110            31       0.88594
111            31       0.91534
112            31       0.94459
113            31       0.97405
114   31    1
114   32    0
115            32       0.03138
116            32       0.05907
117            32       0.08675
118            32       0.11441
119            32       0.14208
120            32       0.16975
121            32       0.19744
122            32       0.22513
123            32       0.25267
124            32       0.28033
125            32       0.30799
126            32        0.3356
127            32       0.36332
128            32       0.39099
129            32       0.41863
130            32       0.44633
131            32       0.47404
132            32       0.50176
133            32       0.52947
134            32       0.55716
135            32       0.58485
136            32       0.61256
137            32       0.64024
138            32       0.66788
139            32        0.6954
140            32       0.72308
141            32       0.75071
142            32       0.77841
143            32       0.80611
144            32       0.83377
145            32       0.86147
146            32       0.88917
147            32       0.91686
148            32       0.94458
149            32       0.97228
150   32    1
150   51    0
151            51       0.02174
152            51        0.0435
153            51       0.06525
154            51       0.08699
155            51       0.10873
156            51        0.1305
157            51       0.15224
158            51       0.17392
159            51       0.19565
160            51       0.21743
161            51        0.2392
162            51       0.26097
163            51        0.2827
164            51       0.30438
165            51       0.32615
166            51        0.3479
167            51       0.36965
168            51        0.3914
169            51       0.41315
170            51       0.43491
171            51       0.45666
172            51       0.47842
173            51       0.50016
174            51       0.52193
175            51       0.54368
176            51       0.56543
177            51       0.58717
178            51       0.60888
179            51       0.63063
180            51        0.6524
181            51       0.67418
182            51       0.69595
183            51       0.71769
184            51       0.73944
185            51        0.7612
186            51       0.78294
187            51        0.8047
188            51       0.82646
189            51       0.84821
190            51       0.86992
191            51       0.89158
192            51       0.91325
193            51       0.93474
194            51       0.95648
195            51       0.97825
196   51    1
114   33    0
197            33       0.02887
198            33        0.0541
199            33       0.07945
200            33       0.10493
201            33       0.13032
202            33       0.15587
203            33       0.18138
204            33       0.20696
205            33       0.23254
206            33       0.25813
207            33       0.28371
208            33       0.30929
209            33       0.33486
210            33       0.36044
211            33       0.38601
212            33        0.4116
213            33        0.4372
214            33       0.46278
215            33       0.48834
216            33       0.51393
217            33        0.5395
218            33       0.56509
219            33       0.59066
220            33       0.61625
221            33       0.64183
222            33       0.66743
223            33       0.69299
224            33       0.71857
225            33       0.74417
226            33       0.76976
227            33       0.79535
228            33       0.82092
229            33       0.84649
230            33       0.87205
231            33       0.89764
232            33       0.92322
233            33       0.94881
234            33        0.9744
235   33    1
235   52    0
236            52        0.0244
237            52        0.0488
238            52        0.0732
239            52        0.0976
240            52         0.122
241            52       0.14641
242            52       0.17081
243            52       0.19521
244            52       0.21961
245            52         0.244
246            52       0.26838
247            52       0.29277
248            52       0.31717
249            52       0.34157
250            52       0.36596
251            52       0.39031
252            52       0.41465
253            52       0.43905
254            52       0.46334
255            52       0.48765
256            52       0.51205
257            52       0.53644
258            52       0.56082
259            52        0.5852
260            52        0.6096
261            52       0.63401
262            52       0.65841
263            52       0.68281
264            52        0.7072
265            52       0.73161
266            52       0.75601
267            52        0.7804
268            52        0.8048
269            52       0.82919
270            52       0.85359
271            52       0.87799
272            52        0.9024
273            52        0.9268
274            52       0.95119
275            52        0.9756
276   52    1
80  34   0
277            34       0.01217
278            34       0.02378
279            34       0.03368
280            34       0.04518
281            34       0.05689
282            34       0.06861
283            34       0.07793
284            34       0.08667
285            34       0.09812
286            34        0.1098
287            34       0.12151
288            34       0.13324
289            34       0.14497
290            34       0.15668
291            34        0.1684
292            34       0.18013
293            34       0.19186
294            34       0.20358
295            34       0.21531
296            34       0.22704
297            34       0.23877
298            34        0.2505
299            34       0.26223
300            34       0.27393
301            34       0.28565
302            34       0.29739
303            34       0.30906
304            34       0.32078
305            34       0.33249
306            34       0.34422
307            34       0.35594
308            34       0.36767
309            34       0.37938
310            34        0.3911
311            34       0.40278
312            34       0.41451
313            34       0.42621
314            34       0.43794
315            34       0.44968
316            34        0.4614
317            34       0.47275
318            34       0.48426
319            34       0.49595
320            34       0.50766
321            34       0.51939
322            34       0.53109
323            34       0.54277
324            34        0.5545
325            34       0.56623
326            34       0.57795
327            34       0.58968
328            34       0.60135
329            34       0.61307
330            34       0.62474
331            34       0.63646
332            34       0.64819
333            34       0.65992
334            34       0.67164
335            34       0.68335
336            34       0.69506
337            34       0.70678
338            34       0.71851
339            34       0.73024
340            34       0.74198
341            34       0.75371
342            34       0.76543
343            34       0.77716
344            34       0.78888
345            34        0.8006
346            34       0.81234
347            34       0.82407
348            34        0.8358
349            34       0.84753
350            34       0.85926
351            34         0.871
352            34       0.88273
353            34       0.89446
354            34       0.90619
355            34       0.91792
356            34       0.92963
357            34       0.94137
358            34        0.9531
359            34       0.96483
360            34       0.97656
361            34       0.98829
362   34    1
362   53    0
363            53       0.03448
364            53       0.06889
365            53       0.10337
366            53       0.13776
367            53       0.17235
368            53       0.20675
369            53       0.24119
370            53       0.27573
371            53       0.31026
372            53       0.34483
373            53       0.37941
374            53       0.41397
375            53       0.44854
376            53       0.48293
377            53       0.51744
378            53       0.55196
379            53       0.58636
380            53       0.62084
381            53       0.65543
382            53          0.69
383            53       0.72455
384            53       0.75893
385            53       0.79347
386            53       0.82805
387            53        0.8626
388            53       0.89673
389            53       0.93132
390            53       0.96541
391   53    1
47  14   0
392            14       0.03818
393            14       0.07667
394            14       0.11517
395            14       0.15366
396            14       0.19216
397            14       0.23065
398            14       0.26912
399            14       0.30759
400            14       0.34608
401            14       0.38458
402            14       0.42308
403            14       0.46158
404            14       0.50007
405            14       0.53857
406            14       0.57704
407            14       0.61548
408            14       0.65395
409            14       0.69238
410            14       0.73083
411            14       0.76932
412            14       0.80781
413            14       0.84631
414            14       0.88477
415            14       0.92321
416            14        0.9616
417   14    1
417   35    0
418            35       0.01221
419            35       0.02435
420            35       0.03656
421            35       0.04876
422            35       0.06097
423            35       0.07318
424            35       0.08538
425            35       0.09759
426            35       0.10979
427            35       0.12201
428            35        0.1342
429            35       0.14638
430            35       0.15854
431            35       0.17075
432            35       0.18289
433            35       0.19505
434            35       0.20727
435            35       0.21945
436            35       0.23164
437            35       0.24383
438            35       0.25599
439            35       0.26817
440            35       0.28038
441            35       0.29258
442            35       0.30478
443            35         0.317
444            35        0.3292
445            35       0.34135
446            35        0.3535
447            35       0.36566
448            35       0.37788
449            35       0.39006
450            35       0.40222
451            35       0.41442
452            35       0.42663
453            35       0.43884
454            35       0.45105
455            35       0.46326
456            35       0.47547
457            35       0.48767
458            35       0.49988
459            35       0.51209
460            35        0.5243
461            35       0.53651
462            35       0.54872
463            35        0.5609
464            35       0.57309
465            35       0.58529
466            35        0.5975
467            35       0.60969
468            35       0.62189
469            35       0.63408
470            35       0.64626
471            35       0.65846
472            35       0.67067
473            35       0.68284
474            35       0.69496
475            35       0.70718
476            35       0.71939
477            35       0.73158
478            35       0.74374
479            35       0.75593
480            35       0.76814
481            35       0.78034
482            35       0.79254
483            35       0.80476
484            35       0.81697
485            35       0.82918
486            35       0.84134
487            35       0.85354
488            35       0.86574
489            35       0.87793
490            35       0.89013
491            35       0.90235
492            35       0.91456
493            35       0.92676
494            35       0.93897
495            35       0.95118
496            35       0.96337
497            35       0.97558
498            35       0.98779
499   35    1
499   54    0
500            54       0.01856
501            54       0.03712
502            54       0.05569
503            54       0.07426
504            54       0.09282
505            54       0.11123
506            54       0.12954
507            54        0.1481
508            54       0.16667
509            54       0.18523
510            54       0.20376
511            54       0.22228
512            54       0.24084
513            54       0.25939
514            54       0.27788
515            54       0.29642
516            54       0.31495
517            54        0.3335
518            54       0.35205
519            54       0.37059
520            54       0.38916
521            54       0.40771
522            54       0.42626
523            54       0.44479
524            54       0.46322
525            54       0.48178
526            54       0.50028
527            54       0.51872
528            54       0.53724
529            54       0.55579
530            54       0.57435
531            54       0.59289
532            54       0.61143
533            54       0.62994
534            54        0.6485
535            54       0.66705
536            54       0.68559
537            54       0.70413
538            54       0.72267
539            54       0.74123
540            54       0.75979
541            54       0.77832
542            54       0.79686
543            54       0.81541
544            54       0.83397
545            54       0.85253
546            54       0.87081
547            54       0.88932
548            54       0.90756
549            54       0.92583
550            54       0.94432
551            54       0.96287
552            54       0.98143
553   54    1
26   3   0
554             3       0.12966
555             3       0.23784
556             3       0.34769
557             3       0.45721
558             3       0.56646
559             3        0.6755
560             3       0.78512
561             3       0.89062
562    3    1
562   15    0
563            15       0.02026
564            15       0.04088
565            15       0.06233
566            15       0.08371
567            15       0.10514
568            15       0.12653
569            15       0.14795
570            15       0.16938
571            15       0.19068
572            15       0.21212
573            15       0.23346
574            15       0.25487
575            15       0.27632
576            15       0.29773
577            15       0.31913
578            15       0.34024
579            15       0.36169
580            15       0.38293
581            15       0.40428
582            15       0.42563
583            15       0.44708
584            15       0.46835
585            15       0.48924
586            15       0.51062
587            15       0.53175
588            15       0.55315
589            15       0.57417
590            15       0.59525
591            15       0.61649
592            15       0.63761
593            15       0.65901
594            15        0.6803
595            15        0.7015
596            15        0.7228
597            15       0.74394
598            15       0.76531
599            15       0.78669
600            15       0.80787
601            15       0.82906
602            15       0.85047
603            15       0.87188
604            15       0.89331
605            15       0.91476
606            15        0.9362
607            15       0.95748
608            15       0.97886
609   15    1
609   36    0
610            36       0.04771
611            36       0.09523
612            36        0.1425
613            36       0.19013
614            36       0.23777
615            36       0.28543
616            36       0.33308
617            36       0.38078
618            36       0.42851
619            36       0.47618
620            36        0.5239
621            36       0.57152
622            36       0.61925
623            36       0.66685
624            36       0.71452
625            36        0.7622
626            36       0.80984
627            36       0.85744
628            36       0.90517
629            36       0.95288
630   36    1
630   37    0
631            37       0.03228
632            37       0.06447
633            37       0.09677
634            37       0.12897
635            37       0.16127
636            37       0.19359
637            37       0.22591
638            37       0.25819
639            37       0.29047
640            37       0.32279
641            37       0.35509
642            37       0.38738
643            37        0.4197
644            37       0.45198
645            37       0.48423
646            37       0.51654
647            37       0.54886
648            37       0.58117
649            37       0.61349
650            37       0.64581
651            37       0.67813
652            37       0.71045
653            37       0.74277
654            37       0.77508
655            37       0.80735
656            37       0.83945
657            37       0.87167
658            37       0.90394
659            37        0.9359
660            37       0.96809
661   37    1
661   38    0
662            38       0.02511
663            38       0.06131
664            38        0.0974
665            38       0.13289
666            38       0.16845
667            38       0.20461
668            38       0.24078
669            38       0.27695
670            38       0.31315
671            38       0.34934
672            38       0.38551
673            38       0.42154
674            38       0.45758
675            38       0.49379
676            38       0.52987
677            38       0.56606
678            38       0.60225
679            38       0.63839
680            38       0.67451
681            38       0.71068
682            38       0.74686
683            38       0.78301
684            38       0.81918
685            38       0.85537
686            38       0.89158
687            38       0.92775
688            38       0.96394
689   38    1
689   55    0
690            55       0.01454
691            55       0.02908
692            55        0.0436
693            55       0.05813
694            55       0.07265
695            55       0.08719
696            55       0.10173
697            55       0.11628
698            55       0.13081
699            55       0.14531
700            55       0.15984
701            55       0.17438
702            55        0.1889
703            55       0.20342
704            55       0.21796
705            55       0.23245
706            55       0.24695
707            55       0.26149
708            55       0.27602
709            55       0.29055
710            55       0.30492
711            55       0.31943
712            55       0.33397
713            55        0.3485
714            55       0.36304
715            55       0.37758
716            55        0.3921
717            55       0.40657
718            55       0.41956
719            55       0.43406
720            55       0.44857
721            55       0.46311
722            55       0.47762
723            55       0.49213
724            55       0.50664
725            55       0.52116
726            55       0.53559
727            55       0.55006
728            55       0.56458
729            55        0.5791
730            55       0.59363
731            55       0.60817
732            55       0.62271
733            55       0.63726
734            55       0.65178
735            55       0.66632
736            55       0.68086
737            55        0.6954
738            55       0.70994
739            55       0.72448
740            55       0.73902
741            55       0.75356
742            55       0.76809
743            55       0.78263
744            55       0.79716
745            55       0.81161
746            55        0.8261
747            55       0.84062
748            55       0.85514
749            55       0.86948
750            55       0.88387
751            55       0.89839
752            55       0.91293
753            55       0.92737
754            55       0.94185
755            55       0.95638
756            55       0.97092
757            55       0.98546
758   55    1
661   39    0
759            39       0.03122
760            39       0.06242
761            39        0.0937
762            39       0.12502
763            39       0.15631
764            39       0.18759
765            39       0.21891
766            39       0.25019
767            39        0.2815
768            39       0.31281
769            39       0.34413
770            39       0.37536
771            39       0.40653
772            39       0.43783
773            39       0.46899
774            39       0.50028
775            39       0.53139
776            39       0.56269
777            39       0.59396
778            39       0.62519
779            39       0.65644
780            39       0.68775
781            39       0.71907
782            39       0.75036
783            39        0.7815
784            39       0.81229
785            39       0.84356
786            39       0.87479
787            39        0.9061
788            39       0.93739
789            39       0.96868
790   39    1
790   56    0
791            56        0.0213
792            56        0.0426
793            56       0.06389
794            56       0.08519
795            56       0.10649
796            56       0.12779
797            56       0.14908
798            56       0.17038
799            56       0.19164
800            56        0.2129
801            56        0.2342
802            56        0.2555
803            56       0.27677
804            56       0.29807
805            56       0.31937
806            56       0.34068
807            56       0.36198
808            56       0.38328
809            56       0.40458
810            56       0.42582
811            56       0.44706
812            56       0.46832
813            56       0.48961
814            56       0.51091
815            56       0.53221
816            56        0.5535
817            56       0.57478
818            56       0.59605
819            56       0.61734
820            56       0.63864
821            56       0.65994
822            56       0.68121
823            56       0.70245
824            56       0.72374
825            56       0.74502
826            56       0.76631
827            56       0.78761
828            56       0.80888
829            56       0.83019
830            56       0.85141
831            56       0.87265
832            56       0.89395
833            56       0.91523
834            56        0.9365
835            56       0.95779
836            56       0.97875
837   56    1
630   40    0
838            40       0.01404
839            40       0.02814
840            40       0.04224
841            40       0.05621
842            40       0.07028
843            40       0.08436
844            40       0.09843
845            40       0.11252
846            40        0.1266
847            40       0.14069
848            40       0.15475
849            40       0.16882
850            40       0.18291
851            40       0.19701
852            40       0.21108
853            40       0.22514
854            40       0.23924
855            40       0.25334
856            40       0.26743
857            40       0.28151
858            40       0.29558
859            40       0.30968
860            40       0.32377
861            40       0.33787
862            40       0.35197
863            40       0.36605
864            40       0.38013
865            40       0.39423
866            40       0.40832
867            40       0.42242
868            40       0.43652
869            40       0.45062
870            40        0.4647
871            40        0.4788
872            40       0.49288
873            40       0.50696
874            40       0.52105
875            40       0.53516
876            40       0.54921
877            40       0.56323
878            40       0.57733
879            40       0.59135
880            40       0.60543
881            40       0.61954
882            40       0.63364
883            40       0.64774
884            40       0.66183
885            40       0.67592
886            40       0.69002
887            40       0.70411
888            40       0.71821
889            40       0.73228
890            40       0.74637
891            40       0.76047
892            40       0.77458
893            40       0.78868
894            40       0.80277
895            40       0.81685
896            40       0.83091
897            40       0.84497
898            40       0.85904
899            40       0.87312
900            40       0.88722
901            40       0.90132
902            40       0.91541
903            40        0.9295
904            40        0.9436
905            40        0.9577
906            40        0.9718
907            40        0.9859
908   40    1
908   57    0
909            57       0.01516
910            57       0.03033
911            57       0.04551
912            57       0.06068
913            57       0.07584
914            57         0.091
915            57       0.10616
916            57       0.12132
917            57       0.13647
918            57       0.15163
919            57        0.1668
920            57       0.18197
921            57       0.19711
922            57       0.21224
923            57        0.2274
924            57       0.24257
925            57       0.25773
926            57       0.27284
927            57       0.28798
928            57       0.30315
929            57       0.31831
930            57       0.33347
931            57       0.34863
932            57        0.3638
933            57       0.37896
934            57       0.39412
935            57       0.40925
936            57       0.42436
937            57       0.43952
938            57       0.45469
939            57       0.46979
940            57        0.4849
941            57       0.50006
942            57       0.51523
943            57        0.5304
944            57       0.54556
945            57       0.56073
946            57       0.57589
947            57       0.59101
948            57       0.60601
949            57       0.62117
950            57       0.63633
951            57        0.6515
952            57       0.66666
953            57       0.68181
954            57       0.69698
955            57       0.71214
956            57       0.72731
957            57       0.74248
958            57       0.75763
959            57       0.77273
960            57       0.78786
961            57       0.80303
962            57        0.8182
963            57       0.83337
964            57       0.84853
965            57        0.8637
966            57       0.87881
967            57       0.89392
968            57       0.90909
969            57       0.92421
970            57       0.93937
971            57       0.95453
972            57       0.96967
973            57       0.98483
974   57    1
10   4   0
975             4       0.05054
976             4       0.08849
977             4        0.1263
978             4       0.16169
979             4       0.19934
980             4       0.23632
981             4       0.27406
982             4        0.3116
983             4       0.34958
984             4       0.38687
985             4       0.42479
986             4       0.46178
987             4       0.49972
988             4       0.53464
989             4       0.57261
990             4       0.61027
991             4       0.64801
992             4       0.68598
993             4       0.72395
994             4       0.76175
995             4        0.7996
996             4       0.83759
997             4        0.8744
998             4        0.9118
999             4       0.94592
1000              4        0.96295
1001     4     1
1001    16     0
1002             16        0.19306
1003             16        0.39934
1004             16        0.60534
1005             16         0.8069
1006    16     1
1006    17     0
1007             17        0.04242
1008             17        0.08229
1009             17        0.12115
1010             17        0.15346
1011             17        0.19281
1012             17        0.23048
1013             17        0.26984
1014             17        0.30908
1015             17        0.34876
1016             17        0.38646
1017             17         0.4256
1018             17        0.46452
1019             17        0.50428
1020             17         0.5433
1021             17        0.58307
1022             17        0.62151
1023             17        0.65847
1024             17        0.69748
1025             17        0.73126
1026             17        0.76816
1027             17        0.80653
1028             17        0.84624
1029             17        0.88397
1030             17        0.92334
1031             17        0.96154
1032    17     1
1032    18     0
1033             18         0.0928
1034             18        0.18381
1035             18        0.27576
1036             18        0.36564
1037             18        0.45956
1038             18        0.55086
1039             18         0.6353
1040             18        0.72947
1041             18        0.81468
1042             18        0.90891
1043    18     1
1043    19     0
1044             19        0.16971
1045             19        0.32809
1046             19        0.49199
1047             19        0.66112
1048             19        0.83047
1049    19     1
1049    20     0
1050    20     1
1050    41     0
1051             41        0.01147
1052             41        0.02299
1053             41        0.03451
1054             41        0.04602
1055             41         0.0572
1056             41        0.06872
1057             41         0.0802
1058             41        0.09164
1059             41        0.10313
1060             41        0.11458
1061             41        0.12581
1062             41        0.13696
1063             41        0.14848
1064             41           0.16
1065             41        0.17152
1066             41        0.18304
1067             41        0.19456
1068             41        0.20609
1069             41        0.21761
1070             41        0.22913
1071             41        0.24066
1072             41        0.25218
1073             41        0.26369
1074             41         0.2752
1075             41        0.28673
1076             41        0.29825
1077             41        0.30977
1078             41        0.32129
1079             41         0.3328
1080             41        0.34428
1081             41         0.3558
1082             41        0.36732
1083             41        0.37884
1084             41        0.39037
1085             41        0.40189
1086             41        0.41341
1087             41        0.42493
1088             41        0.43646
1089             41        0.44798
1090             41        0.45949
1091             41        0.47101
1092             41        0.48252
1093             41        0.49404
1094             41        0.50556
1095             41        0.51707
1096             41        0.52859
1097             41        0.54011
1098             41        0.55161
1099             41        0.56313
1100             41        0.57465
1101             41        0.58616
1102             41        0.59745
1103             41        0.60881
1104             41         0.6203
1105             41        0.63178
1106             41        0.64329
1107             41        0.65481
1108             41        0.66632
1109             41        0.67784
1110             41        0.68934
1111             41        0.70086
1112             41        0.71238
1113             41        0.72389
1114             41        0.73541
1115             41        0.74691
1116             41        0.75841
1117             41        0.76993
1118             41        0.78145
1119             41        0.79295
1120             41        0.80447
1121             41        0.81597
1122             41        0.82748
1123             41        0.83896
1124             41        0.85043
1125             41        0.86195
1126             41        0.87348
1127             41        0.88497
1128             41        0.89639
1129             41        0.90791
1130             41        0.91942
1131             41         0.9309
1132             41        0.94241
1133             41        0.95393
1134             41        0.96544
1135             41        0.97696
1136             41        0.98848
1137    41     1
1137    58     0
1138             58        0.03032
1139             58        0.06067
1140             58        0.09106
1141             58        0.12142
1142             58        0.15173
1143             58        0.18202
1144             58        0.21213
1145             58        0.24233
1146             58        0.27269
1147             58        0.30307
1148             58        0.33345
1149             58        0.36377
1150             58        0.39413
1151             58        0.42448
1152             58        0.45479
1153             58        0.48504
1154             58        0.51534
1155             58        0.54573
1156             58        0.57611
1157             58         0.6065
1158             58        0.63689
1159             58        0.66727
1160             58        0.69762
1161             58        0.72796
1162             58        0.75831
1163             58        0.78869
1164             58        0.81876
1165             58        0.84843
1166             58        0.87871
1167             58        0.90906
1168             58        0.93924
1169             58        0.96961
1170    58     1
1049    21     0
1171    21     1
1171    42     0
1172             42        0.01165
1173             42        0.02315
1174             42        0.03506
1175             42        0.04694
1176             42        0.05872
1177             42        0.07062
1178             42        0.08252
1179             42        0.09445
1180             42        0.10638
1181             42         0.1183
1182             42        0.13023
1183             42         0.1418
1184             42        0.15372
1185             42        0.16565
1186             42        0.17758
1187             42        0.18951
1188             42        0.20143
1189             42        0.21336
1190             42        0.22529
1191             42        0.23721
1192             42        0.24914
1193             42        0.26107
1194             42          0.273
1195             42        0.28493
1196             42        0.29686
1197             42        0.30878
1198             42        0.32071
1199             42        0.33262
1200             42        0.34452
1201             42        0.35643
1202             42        0.36833
1203             42        0.38024
1204             42        0.39215
1205             42        0.40408
1206             42          0.416
1207             42        0.42793
1208             42        0.43986
1209             42        0.45178
1210             42        0.46371
1211             42        0.47562
1212             42        0.48749
1213             42        0.49935
1214             42        0.51127
1215             42         0.5232
1216             42        0.53513
1217             42        0.54702
1218             42        0.55891
1219             42        0.57084
1220             42        0.58273
1221             42        0.59463
1222             42        0.60654
1223             42        0.61847
1224             42         0.6304
1225             42         0.6423
1226             42         0.6542
1227             42        0.66613
1228             42        0.67806
1229             42        0.68998
1230             42        0.70191
1231             42        0.71384
1232             42        0.72576
1233             42        0.73769
1234             42         0.7496
1235             42        0.76152
1236             42        0.77345
1237             42        0.78537
1238             42         0.7973
1239             42        0.80923
1240             42        0.82116
1241             42        0.83309
1242             42        0.84501
1243             42        0.85694
1244             42        0.86887
1245             42        0.88079
1246             42        0.89272
1247             42        0.90465
1248             42        0.91658
1249             42        0.92851
1250             42        0.94044
1251             42        0.95236
1252             42        0.96426
1253             42        0.97617
1254             42        0.98809
1255    42     1
1255    59     0
1256             59        0.04761
1257             59        0.09525
1258             59        0.14291
1259             59        0.19059
1260             59        0.23825
1261             59        0.28591
1262             59        0.33333
1263             59        0.38073
1264             59        0.42841
1265             59        0.47607
1266             59         0.5237
1267             59         0.5713
1268             59        0.61887
1269             59        0.66652
1270             59         0.7142
1271             59        0.76188
1272             59         0.8095
1273             59        0.85716
1274             59        0.90478
1275             59        0.95232
1276    59     1
1043    22     0
1277             22        0.20192
1278             22        0.40383
1279             22        0.59439
1280             22        0.79758
1281    22     1
1281    43     0
1282             43        0.05301
1283             43        0.10602
1284             43        0.15894
1285             43        0.21195
1286             43        0.26496
1287             43        0.31798
1288             43        0.37099
1289             43        0.42294
1290             43        0.47401
1291             43        0.52696
1292             43        0.57988
1293             43        0.63285
1294             43        0.68586
1295             43        0.73884
1296             43        0.79186
1297             43        0.84488
1298             43        0.89754
1299             43         0.9502
1300    43     1
1300    44     0
1301             44        0.01785
1302             44        0.03471
1303             44        0.05161
1304             44        0.06853
1305             44        0.08544
1306             44        0.10237
1307             44        0.11932
1308             44        0.13626
1309             44        0.15321
1310             44        0.17014
1311             44        0.18709
1312             44        0.20404
1313             44        0.22099
1314             44        0.23794
1315             44        0.25488
1316             44        0.27179
1317             44        0.28874
1318             44        0.30569
1319             44        0.32264
1320             44        0.33957
1321             44        0.35638
1322             44        0.37331
1323             44        0.39024
1324             44        0.40717
1325             44        0.42412
1326             44        0.44107
1327             44        0.45802
1328             44        0.47498
1329             44        0.49193
1330             44        0.50888
1331             44        0.52581
1332             44        0.54273
1333             44        0.55965
1334             44         0.5766
1335             44        0.59354
1336             44        0.61044
1337             44        0.62739
1338             44        0.64428
1339             44        0.66117
1340             44        0.67811
1341             44        0.69507
1342             44          0.712
1343             44        0.72892
1344             44        0.74586
1345             44        0.76282
1346             44        0.77977
1347             44        0.79673
1348             44        0.81368
1349             44        0.83063
1350             44        0.84758
1351             44        0.86449
1352             44        0.88144
1353             44        0.89839
1354             44        0.91534
1355             44        0.93227
1356             44        0.94917
1357             44        0.96612
1358             44        0.98306
1359    44     1
1359    60     0
1360             60         0.0233
1361             60        0.04652
1362             60        0.06976
1363             60        0.09293
1364             60        0.11624
1365             60        0.13948
1366             60         0.1627
1367             60        0.18599
1368             60        0.20915
1369             60        0.23241
1370             60        0.25572
1371             60          0.279
1372             60        0.30226
1373             60        0.32555
1374             60        0.34874
1375             60        0.37204
1376             60        0.39534
1377             60        0.41862
1378             60        0.44187
1379             60        0.46515
1380             60        0.48845
1381             60        0.51176
1382             60        0.53507
1383             60        0.55838
1384             60        0.58168
1385             60        0.60499
1386             60        0.62822
1387             60        0.65124
1388             60         0.6744
1389             60         0.6977
1390             60        0.72095
1391             60        0.74418
1392             60        0.76741
1393             60        0.79065
1394             60         0.8139
1395             60        0.83717
1396             60        0.86044
1397             60        0.88374
1398             60        0.90703
1399             60        0.93032
1400             60        0.95362
1401             60        0.97686
1402    60     1
1300    45     0
1403             45        0.01677
1404             45        0.03258
1405             45        0.04844
1406             45        0.06431
1407             45        0.08017
1408             45        0.09605
1409             45        0.11192
1410             45        0.12779
1411             45        0.14365
1412             45        0.15953
1413             45        0.17541
1414             45        0.19127
1415             45        0.20713
1416             45          0.223
1417             45        0.23888
1418             45        0.25476
1419             45        0.27063
1420             45        0.28648
1421             45        0.30235
1422             45        0.31823
1423             45         0.3341
1424             45        0.34997
1425             45        0.36585
1426             45        0.38173
1427             45        0.39757
1428             45        0.41343
1429             45        0.42928
1430             45        0.44511
1431             45        0.46097
1432             45        0.47681
1433             45        0.49269
1434             45        0.50856
1435             45        0.52442
1436             45        0.54028
1437             45        0.55615
1438             45        0.57202
1439             45        0.58788
1440             45        0.60376
1441             45        0.61963
1442             45         0.6355
1443             45        0.65136
1444             45         0.6672
1445             45        0.68308
1446             45         0.6989
1447             45        0.71471
1448             45        0.73057
1449             45        0.74644
1450             45         0.7623
1451             45        0.77812
1452             45        0.79398
1453             45        0.80983
1454             45        0.82562
1455             45        0.84148
1456             45        0.85732
1457             45        0.87313
1458             45        0.88899
1459             45        0.90485
1460             45        0.92072
1461             45        0.93659
1462             45        0.95245
1463             45        0.96833
1464             45        0.98418
1465    45     1
1465    61     0
1466             61        0.03223
1467             61        0.06453
1468             61        0.09683
1469             61        0.12915
1470             61        0.16145
1471             61        0.19362
1472             61        0.22589
1473             61         0.2581
1474             61        0.29042
1475             61        0.32275
1476             61        0.35499
1477             61         0.3872
1478             61         0.4195
1479             61        0.45182
1480             61        0.48411
1481             61        0.51642
1482             61        0.54873
1483             61        0.58098
1484             61         0.6132
1485             61        0.64548
1486             61        0.67781
1487             61         0.7101
1488             61        0.74237
1489             61         0.7747
1490             61        0.80704
1491             61        0.83935
1492             61        0.87166
1493             61        0.90398
1494             61        0.93626
1495             61        0.96795
1496    61     1
1032    23     0
1497             23        0.03675
1498             23        0.07617
1499             23        0.11915
1500             23         0.1615
1501             23        0.20582
1502             23        0.25004
1503             23        0.29413
1504             23        0.33841
1505             23        0.38172
1506             23        0.42472
1507             23         0.4688
1508             23         0.5131
1509             23        0.55744
1510             23        0.60172
1511             23        0.64576
1512             23         0.6901
1513             23        0.73444
1514             23         0.7786
1515             23        0.82287
1516             23         0.8672
1517             23        0.91153
1518             23         0.9557
1519    23     1
1519    46     0
1520             46        0.01224
1521             46        0.02447
1522             46        0.03671
1523             46        0.04895
1524             46         0.0612
1525             46        0.07344
1526             46        0.08567
1527             46        0.09788
1528             46        0.11012
1529             46        0.12236
1530             46         0.1346
1531             46        0.14679
1532             46        0.15897
1533             46        0.17116
1534             46        0.18326
1535             46        0.19549
1536             46        0.20774
1537             46        0.21996
1538             46        0.23206
1539             46         0.2443
1540             46        0.25643
1541             46        0.26859
1542             46        0.28083
1543             46        0.29304
1544             46        0.30518
1545             46        0.31728
1546             46         0.3295
1547             46        0.34159
1548             46        0.35379
1549             46        0.36602
1550             46        0.37826
1551             46        0.39049
1552             46        0.40273
1553             46        0.41496
1554             46        0.42718
1555             46        0.43941
1556             46        0.45145
1557             46        0.46362
1558             46        0.47574
1559             46        0.48798
1560             46        0.49994
1561             46        0.51213
1562             46        0.52414
1563             46        0.53638
1564             46        0.54862
1565             46        0.56079
1566             46        0.57264
1567             46        0.58486
1568             46         0.5968
1569             46          0.609
1570             46        0.62125
1571             46        0.63349
1572             46        0.64561
1573             46        0.65749
1574             46        0.66972
1575             46        0.68193
1576             46        0.69416
1577             46        0.70639
1578             46        0.71863
1579             46        0.73085
1580             46        0.74307
1581             46        0.75531
1582             46        0.76755
1583             46        0.77979
1584             46        0.79203
1585             46        0.80427
1586             46        0.81649
1587             46        0.82873
1588             46        0.84097
1589             46        0.85321
1590             46        0.86546
1591             46        0.87766
1592             46        0.88989
1593             46        0.90213
1594             46        0.91437
1595             46        0.92659
1596             46        0.93883
1597             46        0.95107
1598             46        0.96332
1599             46        0.97555
1600             46         0.9878
1601    46     1
1601    62     0
1602             62        0.05888
1603             62        0.11765
1604             62         0.1765
1605             62        0.23523
1606             62        0.29404
1607             62        0.35296
1608             62         0.4118
1609             62        0.47065
1610             62        0.52935
1611             62        0.58786
1612             62        0.64666
1613             62        0.70557
1614             62        0.76449
1615             62        0.82339
1616             62        0.88223
1617             62         0.9411
1618    62     1
1006    24     0
1619             24        0.01512
1620             24        0.02349
1621             24        0.03746
1622             24        0.05143
1623             24         0.0654
1624             24        0.07937
1625             24        0.09334
1626             24        0.10731
1627             24        0.12128
1628             24        0.13525
1629             24        0.14921
1630             24        0.16316
1631             24        0.17711
1632             24        0.19108
1633             24        0.20505
1634             24        0.21902
1635             24        0.23299
1636             24        0.24696
1637             24        0.26092
1638             24        0.27488
1639             24         0.2888
1640             24        0.30276
1641             24        0.31664
1642             24        0.33057
1643             24        0.34453
1644             24         0.3585
1645             24        0.37247
1646             24        0.38643
1647             24         0.4004
1648             24        0.41436
1649             24        0.42832
1650             24        0.44228
1651             24        0.45624
1652             24        0.47022
1653             24        0.48418
1654             24        0.49814
1655             24        0.51209
1656             24        0.52605
1657             24        0.53996
1658             24        0.55393
1659             24        0.56775
1660             24        0.58166
1661             24        0.59562
1662             24        0.60958
1663             24        0.62354
1664             24        0.63747
1665             24        0.65135
1666             24        0.66527
1667             24        0.67916
1668             24        0.69307
1669             24        0.70701
1670             24        0.72096
1671             24        0.73492
1672             24        0.74887
1673             24        0.76282
1674             24        0.77677
1675             24        0.79074
1676             24        0.80469
1677             24        0.81863
1678             24        0.83255
1679             24        0.84651
1680             24        0.86048
1681             24        0.87442
1682             24        0.88835
1683             24        0.90227
1684             24        0.91624
1685             24        0.93021
1686             24        0.94418
1687             24        0.95815
1688             24         0.9721
1689             24        0.98604
1690    24     1
1  66   0
1691             66        0.16522
1692             66         0.3329
1693             66        0.50016
1694             66        0.66579
1695             66        0.83337
1696    66     1
1696     5     0
1697              5        0.02927
1698              5        0.05855
1699              5        0.08736
1700              5        0.11621
1701              5        0.14545
1702              5        0.17438
1703              5        0.20318
1704              5        0.23236
1705              5        0.26066
1706              5        0.28993
1707              5         0.3192
1708              5        0.34849
1709              5        0.37767
1710              5        0.40679
1711              5        0.43581
1712              5        0.46506
1713              5        0.49412
1714              5        0.52317
1715              5        0.55234
1716              5        0.58152
1717              5        0.61069
1718              5         0.6393
1719              5        0.66832
1720              5        0.69575
1721              5         0.7247
1722              5        0.75384
1723              5        0.78305
1724              5        0.81231
1725              5        0.84157
1726              5        0.87053
1727              5        0.89976
1728              5        0.92805
1729              5        0.94496
1730              5        0.97182
1731     5     1
1731     6     0
1732              6        0.01772
1733              6        0.04035
1734              6         0.0623
1735              6        0.08492
1736              6        0.10752
1737              6        0.13019
1738              6        0.15287
1739              6        0.17554
1740              6         0.1982
1741              6        0.22088
1742              6         0.2432
1743              6        0.26586
1744              6         0.2866
1745              6        0.30918
1746              6        0.32618
1747              6        0.34799
1748              6        0.37039
1749              6        0.39305
1750              6        0.41566
1751              6        0.43833
1752              6          0.461
1753              6        0.48355
1754              6        0.50595
1755              6        0.52817
1756              6        0.55043
1757              6        0.57306
1758              6        0.59536
1759              6         0.6178
1760              6        0.63973
1761              6        0.66235
1762              6        0.68455
1763              6         0.7071
1764              6        0.72955
1765              6        0.75212
1766              6        0.77479
1767              6        0.79746
1768              6        0.82013
1769              6        0.84275
1770              6        0.86541
1771              6        0.88805
1772              6        0.91067
1773              6        0.93333
1774              6        0.95558
1775              6        0.97825
1776     6     1
1776     7     0
1777              7        0.21301
1778              7        0.40895
1779              7        0.60587
1780              7        0.80288
1781     7     1
1781     8     0
1782              8        0.05511
1783              8        0.11158
1784              8        0.15714
1785              8        0.21349
1786              8         0.2699
1787              8        0.32635
1788              8        0.38272
1789              8        0.43835
1790              8        0.49465
1791              8        0.54993
1792              8        0.60636
1793              8        0.66283
1794              8         0.7192
1795              8        0.77564
1796              8        0.83205
1797              8        0.88844
1798              8        0.94375
1799     8     1
1799    25     0
1800             25        0.20212
1801             25        0.40717
1802             25        0.61101
1803             25          0.815
1804    25     1
1804    26     0
1805             26        0.02956
1806             26        0.05586
1807             26        0.08214
1808             26        0.10842
1809             26        0.13471
1810             26          0.161
1811             26        0.18721
1812             26        0.21351
1813             26        0.23981
1814             26        0.26548
1815             26        0.29173
1816             26        0.31801
1817             26        0.34408
1818             26        0.36945
1819             26        0.39567
1820             26        0.42179
1821             26         0.4481
1822             26        0.47425
1823             26         0.5005
1824             26        0.52682
1825             26        0.55313
1826             26        0.57942
1827             26        0.60569
1828             26        0.63201
1829             26        0.65832
1830             26        0.68463
1831             26        0.71091
1832             26         0.7372
1833             26        0.76348
1834             26        0.78979
1835             26         0.8161
1836             26         0.8424
1837             26        0.86867
1838             26        0.89498
1839             26        0.92128
1840             26         0.9476
1841             26        0.97391
1842    26     1
1842    47     0
1843             47        0.01179
1844             47          0.023
1845             47        0.03481
1846             47        0.04659
1847             47        0.05842
1848             47        0.07024
1849             47        0.08209
1850             47         0.0939
1851             47        0.10568
1852             47        0.11746
1853             47        0.12926
1854             47        0.14107
1855             47        0.15287
1856             47        0.16466
1857             47        0.17644
1858             47        0.18828
1859             47        0.19897
1860             47        0.21055
1861             47        0.22236
1862             47        0.23421
1863             47        0.24607
1864             47        0.25792
1865             47        0.26976
1866             47        0.28162
1867             47        0.29347
1868             47        0.30532
1869             47        0.31713
1870             47        0.32898
1871             47        0.34082
1872             47        0.35262
1873             47        0.36448
1874             47        0.37616
1875             47        0.38801
1876             47        0.39982
1877             47        0.41164
1878             47        0.42347
1879             47        0.43531
1880             47        0.44716
1881             47        0.45901
1882             47        0.47085
1883             47        0.48267
1884             47        0.49452
1885             47        0.50636
1886             47        0.51821
1887             47        0.53005
1888             47         0.5419
1889             47        0.55375
1890             47        0.56557
1891             47        0.57741
1892             47        0.58926
1893             47        0.60108
1894             47         0.6129
1895             47        0.62471
1896             47        0.63656
1897             47        0.64841
1898             47        0.66026
1899             47         0.6718
1900             47        0.68338
1901             47         0.6952
1902             47        0.70623
1903             47        0.71794
1904             47        0.72965
1905             47        0.74133
1906             47        0.75315
1907             47        0.76479
1908             47        0.77631
1909             47        0.78815
1910             47        0.79973
1911             47        0.81158
1912             47        0.82327
1913             47        0.83505
1914             47         0.8468
1915             47        0.85861
1916             47        0.87043
1917             47        0.88219
1918             47        0.89398
1919             47        0.90582
1920             47        0.91762
1921             47        0.92943
1922             47        0.94122
1923             47        0.95301
1924             47        0.96477
1925             47        0.97662
1926             47         0.9884
1927    47     1
1927    63     0
1928             63        0.06634
1929             63        0.13307
1930             63        0.19969
1931             63        0.26631
1932             63        0.33273
1933             63        0.39946
1934             63        0.46613
1935             63        0.53287
1936             63        0.59959
1937             63        0.66629
1938             63        0.73303
1939             63        0.79978
1940             63        0.86652
1941             63        0.93326
1942    63     1
1804    27     0
1943             27        0.02907
1944             27        0.05524
1945             27        0.08119
1946             27        0.10747
1947             27        0.13372
1948             27        0.15989
1949             27        0.18619
1950             27        0.21247
1951             27        0.23862
1952             27         0.2649
1953             27        0.29115
1954             27        0.31745
1955             27        0.34371
1956             27        0.36995
1957             27        0.39616
1958             27        0.42229
1959             27        0.44849
1960             27        0.47471
1961             27        0.50101
1962             27         0.5273
1963             27        0.55359
1964             27        0.57985
1965             27        0.60615
1966             27        0.63243
1967             27        0.65865
1968             27        0.68492
1969             27        0.71122
1970             27        0.73752
1971             27        0.76381
1972             27        0.79005
1973             27        0.81634
1974             27        0.84265
1975             27        0.86882
1976             27        0.89501
1977             27        0.92129
1978             27        0.94758
1979             27        0.97378
1980    27     1
1980    48     0
1981             48        0.01373
1982             48        0.02748
1983             48        0.04119
1984             48        0.05493
1985             48        0.06867
1986             48        0.08239
1987             48        0.09613
1988             48        0.10982
1989             48        0.12356
1990             48         0.1373
1991             48        0.15099
1992             48        0.16468
1993             48        0.17838
1994             48        0.19212
1995             48        0.20583
1996             48        0.21957
1997             48        0.23328
1998             48        0.24702
1999             48        0.26069
2000             48        0.27437
2001             48        0.28808
2002             48        0.30182
2003             48        0.31556
2004             48        0.32931
2005             48        0.34302
2006             48        0.35672
2007             48        0.37039
2008             48        0.38406
2009             48         0.3976
2010             48        0.41123
2011             48        0.42485
2012             48        0.43858
2013             48        0.45233
2014             48        0.46606
2015             48         0.4798
2016             48        0.49354
2017             48        0.50723
2018             48        0.52092
2019             48         0.5345
2020             48        0.54823
2021             48        0.56197
2022             48         0.5757
2023             48        0.58943
2024             48        0.60315
2025             48        0.61684
2026             48        0.63046
2027             48         0.6442
2028             48        0.65789
2029             48        0.67162
2030             48        0.68535
2031             48        0.69907
2032             48        0.71282
2033             48        0.72655
2034             48        0.74023
2035             48         0.7539
2036             48        0.76758
2037             48        0.78126
2038             48        0.79482
2039             48        0.80851
2040             48        0.82192
2041             48        0.83554
2042             48        0.84913
2043             48        0.86284
2044             48        0.87657
2045             48        0.89032
2046             48        0.90406
2047             48         0.9178
2048             48        0.93151
2049             48        0.94525
2050             48        0.95894
2051             48        0.97264
2052             48        0.98637
2053    48     1
1781     9     0
2054              9        0.04593
2055              9        0.09195
2056              9        0.13627
2057              9        0.18227
2058              9        0.22815
2059              9          0.274
2060              9        0.31997
2061              9        0.36601
2062              9        0.41188
2063              9         0.4577
2064              9        0.50349
2065              9        0.54949
2066              9        0.59551
2067              9        0.64155
2068              9        0.68757
2069              9        0.73333
2070              9        0.77854
2071              9        0.81825
2072              9        0.86329
2073              9        0.90909
2074              9        0.95439
2075     9     1
2075    28     0
2076             28        0.02062
2077             28        0.04094
2078             28        0.05989
2079             28        0.08081
2080             28        0.10178
2081             28        0.12276
2082             28        0.14375
2083             28        0.16469
2084             28        0.18555
2085             28        0.20645
2086             28        0.22744
2087             28        0.24776
2088             28        0.26879
2089             28        0.28891
2090             28        0.30981
2091             28        0.33055
2092             28        0.35053
2093             28        0.37143
2094             28          0.392
2095             28        0.41303
2096             28        0.43394
2097             28        0.45479
2098             28        0.47578
2099             28         0.4968
2100             28        0.51783
2101             28        0.53885
2102             28        0.55986
2103             28        0.58088
2104             28        0.60185
2105             28        0.62282
2106             28        0.64358
2107             28        0.66458
2108             28        0.68555
2109             28        0.70656
2110             28        0.72756
2111             28        0.74847
2112             28        0.76939
2113             28        0.79029
2114             28        0.81118
2115             28        0.83204
2116             28        0.85306
2117             28          0.874
2118             28        0.89493
2119             28        0.91592
2120             28        0.93694
2121             28        0.95796
2122             28        0.97899
2123    28     1
2123    49     0
2124             49        0.01407
2125             49        0.02817
2126             49        0.04228
2127             49        0.05639
2128             49         0.0705
2129             49        0.08461
2130             49        0.09871
2131             49        0.11282
2132             49        0.12692
2133             49        0.14101
2134             49        0.15511
2135             49        0.16923
2136             49        0.18329
2137             49        0.19737
2138             49        0.21147
2139             49        0.22559
2140             49        0.23969
2141             49        0.25378
2142             49        0.26787
2143             49        0.28197
2144             49        0.29608
2145             49        0.31019
2146             49         0.3243
2147             49        0.33841
2148             49        0.35252
2149             49        0.36657
2150             49        0.38065
2151             49        0.39475
2152             49        0.40885
2153             49        0.42293
2154             49        0.43703
2155             49        0.45111
2156             49        0.46522
2157             49        0.47933
2158             49        0.49344
2159             49        0.50754
2160             49        0.52161
2161             49        0.53571
2162             49         0.5498
2163             49        0.56391
2164             49        0.57799
2165             49        0.59196
2166             49        0.60606
2167             49        0.62017
2168             49        0.63426
2169             49        0.64834
2170             49         0.6624
2171             49         0.6765
2172             49        0.69052
2173             49        0.70463
2174             49        0.71873
2175             49        0.73279
2176             49        0.74685
2177             49        0.76081
2178             49        0.77492
2179             49        0.78903
2180             49        0.80311
2181             49        0.81717
2182             49        0.83126
2183             49        0.84538
2184             49        0.85947
2185             49        0.87355
2186             49        0.88763
2187             49        0.90171
2188             49         0.9158
2189             49        0.92984
2190             49        0.94394
2191             49        0.95775
2192             49        0.97186
2193             49        0.98597
2194    49     1
1776    10     0
2195             10        0.04929
2196             10        0.09569
2197             10        0.14097
2198             10        0.18703
2199             10        0.23284
2200             10        0.27844
2201             10        0.32455
2202             10        0.37054
2203             10        0.40829
2204             10        0.45392
2205             10        0.49026
2206             10        0.53655
2207             10        0.58295
2208             10        0.62936
2209             10        0.67574
2210             10        0.72206
2211             10         0.7684
2212             10        0.81462
2213             10        0.86091
2214             10        0.90727
2215             10        0.95361
2216    10     1
2216    29     0
2217             29        0.02264
2218             29        0.04529
2219             29        0.06794
2220             29        0.09057
2221             29        0.11321
2222             29         0.1358
2223             29        0.15837
2224             29        0.18096
2225             29        0.20315
2226             29        0.22567
2227             29         0.2469
2228             29        0.26955
2229             29        0.29174
2230             29        0.31359
2231             29        0.33591
2232             29        0.35858
2233             29        0.37934
2234             29        0.40195
2235             29        0.42442
2236             29        0.44635
2237             29         0.4683
2238             29        0.49093
2239             29        0.51354
2240             29         0.5338
2241             29        0.55546
2242             29        0.57801
2243             29        0.60046
2244             29        0.62304
2245             29        0.64554
2246             29        0.66768
2247             29        0.69023
2248             29        0.70912
2249             29         0.7313
2250             29        0.75359
2251             29        0.77623
2252             29        0.79857
2253             29        0.82118
2254             29         0.8437
2255             29        0.86598
2256             29        0.88864
2257             29        0.91107
2258             29         0.9336
2259             29        0.95625
2260             29         0.9776
2261    29     1
2261    50     0
2262             50        0.01345
2263             50        0.02687
2264             50        0.04029
2265             50        0.05377
2266             50        0.06724
2267             50        0.08072
2268             50        0.09418
2269             50        0.10765
2270             50        0.12112
2271             50        0.13456
2272             50        0.14795
2273             50        0.16139
2274             50        0.17486
2275             50        0.18832
2276             50        0.20175
2277             50        0.21519
2278             50        0.22865
2279             50        0.24203
2280             50        0.25547
2281             50        0.26892
2282             50         0.2824
2283             50        0.29587
2284             50         0.3093
2285             50         0.3227
2286             50        0.33618
2287             50        0.34964
2288             50        0.36307
2289             50        0.37643
2290             50        0.38872
2291             50        0.40141
2292             50        0.41487
2293             50        0.42829
2294             50        0.44171
2295             50        0.45505
2296             50        0.46831
2297             50        0.48172
2298             50        0.49518
2299             50        0.50864
2300             50        0.52212
2301             50         0.5356
2302             50        0.54907
2303             50        0.56254
2304             50          0.576
2305             50        0.58943
2306             50        0.60282
2307             50        0.61628
2308             50        0.62974
2309             50        0.64321
2310             50        0.65669
2311             50        0.67013
2312             50        0.68361
2313             50        0.69708
2314             50        0.71051
2315             50        0.72395
2316             50        0.73595
2317             50        0.74906
2318             50         0.7625
2319             50        0.77591
2320             50        0.78937
2321             50        0.80254
2322             50        0.81586
2323             50        0.82929
2324             50         0.8427
2325             50        0.85615
2326             50        0.86959
2327             50        0.88306
2328             50        0.89627
2329             50        0.90974
2330             50        0.92304
2331             50         0.9365
2332             50        0.94995
2333             50        0.96339
2334             50        0.97582
2335             50        0.98655
2336    50     1
1731    11     0
2337             11        0.03015
2338             11        0.05962
2339             11        0.08913
2340             11        0.11855
2341             11        0.14811
2342             11        0.17761
2343             11         0.2067
2344             11        0.23552
2345             11        0.26484
2346             11        0.29416
2347             11        0.32311
2348             11        0.35255
2349             11        0.38209
2350             11         0.4116
2351             11        0.44111
2352             11        0.47048
2353             11         0.4993
2354             11        0.52849
2355             11        0.55791
2356             11        0.58747
2357             11        0.61687
2358             11        0.64639
2359             11        0.67589
2360             11        0.70536
2361             11        0.73491
2362             11        0.76404
2363             11         0.7936
2364             11        0.82312
2365             11        0.85261
2366             11        0.88207
2367             11         0.9115
2368             11        0.94096
2369             11        0.97046
2370    11     1
