0  56   0
1  56   1
1  57   0
2           57      0.25012
3           57      0.49985
4           57      0.74989
5  57   1
5  0  0
6           0     0.08429
7           0     0.16857
8           0     0.25286
9           0     0.33715
10            0      0.42143
11            0      0.50572
12            0      0.58998
13            0      0.67426
14            0      0.75855
15            0      0.84284
16            0      0.92657
17   0   1
17   1   0
18            1      0.36657
19            1      0.68307
20   1   1
20   3   0
21            3      0.20852
22            3      0.41707
23            3      0.62562
24            3      0.83373
25   3   1
25   4   0
26            4      0.04883
27            4      0.08611
28            4      0.12325
29            4      0.16145
30            4      0.19961
31            4      0.23785
32            4      0.27611
33            4      0.31437
34            4      0.35235
35            4      0.39064
36            4       0.4288
37            4      0.46711
38            4      0.50534
39            4       0.5436
40            4      0.58174
41            4      0.61992
42            4      0.65747
43            4      0.69568
44            4      0.73333
45            4      0.77154
46            4      0.80982
47            4      0.84812
48            4      0.88641
49            4      0.92468
50            4      0.96287
51   4   1
51   5   0
52            5      0.05634
53            5       0.1157
54            5      0.17395
55            5      0.23336
56            5      0.29157
57            5      0.34645
58            5      0.40241
59            5      0.46096
60            5      0.52041
61            5      0.57926
62            5      0.63777
63            5      0.69696
64            5      0.73456
65            5      0.78409
66            5      0.84363
67            5      0.89617
68            5       0.9531
69   5   1
69  13   0
70           13      0.10033
71           13      0.20255
72           13      0.30343
73           13      0.40024
74           13      0.50235
75           13      0.59983
76           13       0.7019
77           13      0.80154
78           13      0.90375
79  13   1
79  14   0
80           14      0.02825
81           14      0.05694
82           14      0.08575
83           14      0.11341
84           14      0.14201
85           14       0.1702
86           14      0.19898
87           14      0.22784
88           14      0.25654
89           14      0.28334
90           14      0.31216
91           14      0.34004
92           14      0.36846
93           14      0.39604
94           14      0.42426
95           14      0.45266
96           14      0.48151
97           14      0.51035
98           14       0.5392
99           14      0.56805
100            14       0.59689
101            14       0.62575
102            14        0.6546
103            14        0.6834
104            14       0.71225
105            14       0.74107
106            14       0.76991
107            14       0.79871
108            14       0.82753
109            14       0.85638
110            14        0.8852
111            14       0.91352
112            14       0.94236
113            14       0.97115
114   14    1
114   15    0
115            15       0.05253
116            15        0.1052
117            15        0.1578
118            15       0.21052
119            15       0.26323
120            15       0.31595
121            15       0.36858
122            15       0.42128
123            15       0.47358
124            15       0.52624
125            15       0.57895
126            15       0.63166
127            15       0.68436
128            15       0.73708
129            15        0.7898
130            15       0.84243
131            15       0.89473
132            15        0.9474
133   15    1
133   16    0
134            16       0.02989
135            16       0.06193
136            16       0.09403
137            16       0.12648
138            16        0.1589
139            16       0.19134
140            16       0.22378
141            16       0.25616
142            16       0.28855
143            16       0.32099
144            16       0.35344
145            16       0.38575
146            16       0.41782
147            16       0.45022
148            16       0.48253
149            16        0.5149
150            16       0.54725
151            16        0.5797
152            16       0.61195
153            16       0.64436
154            16       0.67643
155            16       0.70885
156            16       0.74094
157            16       0.77332
158            16       0.80565
159            16       0.83803
160            16       0.87044
161            16       0.90283
162            16       0.93516
163            16        0.9676
164   16    1
164   38    0
165            38       0.01894
166            38       0.03788
167            38       0.05684
168            38       0.07581
169            38       0.09477
170            38       0.11355
171            38       0.13244
172            38       0.15137
173            38       0.17034
174            38       0.18931
175            38       0.20826
176            38       0.22723
177            38        0.2462
178            38       0.26517
179            38       0.28414
180            38        0.3031
181            38       0.32207
182            38       0.34096
183            38       0.35991
184            38       0.37881
185            38       0.39776
186            38        0.4167
187            38       0.43561
188            38       0.45458
189            38        0.4735
190            38       0.49242
191            38       0.51131
192            38       0.53024
193            38       0.54921
194            38       0.56805
195            38        0.5869
196            38       0.60536
197            38       0.62432
198            38       0.64141
199            38       0.66035
200            38       0.67932
201            38       0.69796
202            38       0.71693
203            38       0.73581
204            38       0.75478
205            38       0.77374
206            38       0.79249
207            38       0.81143
208            38       0.83032
209            38       0.84915
210            38       0.86812
211            38       0.88687
212            38       0.90583
213            38       0.92478
214            38       0.94367
215            38       0.96238
216            38       0.98103
217   38    1
133   17    0
218            17       0.04142
219            17       0.08308
220            17       0.12477
221            17       0.16646
222            17       0.20817
223            17       0.24987
224            17       0.29157
225            17       0.33327
226            17       0.37491
227            17       0.41655
228            17       0.45808
229            17       0.49976
230            17       0.54142
231            17       0.58311
232            17       0.62482
233            17       0.66652
234            17       0.70824
235            17       0.74994
236            17       0.79164
237            17       0.83334
238            17       0.87504
239            17       0.91668
240            17       0.95831
241   17    1
241   39    0
242            39       0.02565
243            39       0.05131
244            39       0.07696
245            39       0.10261
246            39       0.12827
247            39       0.15392
248            39       0.17958
249            39       0.20523
250            39       0.23088
251            39       0.25648
252            39       0.28213
253            39       0.30777
254            39       0.33342
255            39       0.35907
256            39       0.38471
257            39       0.41036
258            39       0.43602
259            39       0.46167
260            39        0.4873
261            39       0.51292
262            39       0.53857
263            39       0.56422
264            39       0.58988
265            39       0.61553
266            39       0.64119
267            39       0.66684
268            39       0.69249
269            39       0.71807
270            39       0.74371
271            39       0.76935
272            39       0.79499
273            39       0.82062
274            39       0.84614
275            39       0.87175
276            39        0.8974
277            39       0.92305
278            39       0.94869
279            39       0.97434
280   39    1
114   18    0
281            18       0.02532
282            18         0.051
283            18       0.07668
284            18       0.10236
285            18       0.12803
286            18        0.1537
287            18       0.17924
288            18       0.20492
289            18       0.23042
290            18       0.25595
291            18       0.28158
292            18       0.30722
293            18       0.33284
294            18       0.35841
295            18       0.38409
296            18       0.40967
297            18       0.43533
298            18       0.46096
299            18        0.4866
300            18       0.51228
301            18       0.53796
302            18       0.56364
303            18       0.58932
304            18         0.615
305            18       0.64068
306            18       0.66635
307            18       0.69202
308            18        0.7177
309            18       0.74333
310            18       0.76898
311            18       0.79465
312            18       0.82031
313            18       0.84599
314            18       0.87166
315            18       0.89734
316            18       0.92302
317            18       0.94866
318            18       0.97435
319   18    1
319   40    0
320            40       0.01545
321            40        0.0309
322            40       0.04635
323            40       0.06181
324            40       0.07724
325            40       0.09269
326            40       0.10813
327            40       0.12357
328            40       0.13903
329            40        0.1544
330            40       0.16985
331            40        0.1853
332            40       0.20072
333            40       0.21611
334            40       0.23155
335            40       0.24692
336            40       0.26237
337            40        0.2778
338            40       0.29326
339            40        0.3087
340            40       0.32415
341            40        0.3396
342            40       0.35503
343            40       0.37043
344            40       0.38586
345            40       0.40122
346            40       0.41667
347            40       0.43212
348            40       0.44754
349            40       0.46296
350            40       0.47839
351            40       0.49378
352            40       0.50921
353            40       0.52466
354            40       0.54009
355            40       0.55553
356            40       0.57094
357            40       0.58591
358            40       0.60136
359            40       0.61627
360            40       0.63172
361            40       0.64716
362            40        0.6626
363            40       0.67806
364            40       0.69342
365            40       0.70868
366            40       0.72407
367            40       0.73919
368            40         0.754
369            40       0.76939
370            40       0.78478
371            40       0.80002
372            40       0.81548
373            40       0.83089
374            40       0.84633
375            40       0.86176
376            40       0.87717
377            40       0.89259
378            40       0.90791
379            40       0.92321
380            40       0.93846
381            40       0.95385
382            40       0.96919
383            40       0.98457
384   40    1
79  19   0
385            19       0.42304
386   19    1
386   20    0
387            20       0.01227
388            20       0.02393
389            20       0.03577
390            20       0.04768
391            20       0.05943
392            20       0.07106
393            20       0.08303
394            20       0.09479
395            20       0.10672
396            20       0.11869
397            20       0.13065
398            20       0.14264
399            20       0.15463
400            20       0.16662
401            20       0.17854
402            20       0.19053
403            20       0.20201
404            20       0.21401
405            20       0.22502
406            20       0.23703
407            20       0.24904
408            20       0.26097
409            20       0.27223
410            20       0.28419
411            20       0.29607
412            20       0.30802
413            20       0.31977
414            20       0.33173
415            20       0.34332
416            20       0.35533
417            20       0.36732
418            20       0.37896
419            20       0.39038
420            20       0.40235
421            20       0.41397
422            20       0.42595
423            20       0.43791
424            20       0.44991
425            20       0.46192
426            20       0.47392
427            20       0.48591
428            20       0.49791
429            20        0.5099
430            20        0.5219
431            20       0.53391
432            20        0.5459
433            20       0.55779
434            20       0.56976
435            20       0.58155
436            20       0.59352
437            20       0.60552
438            20       0.61744
439            20       0.62935
440            20       0.64133
441            20       0.65327
442            20       0.66521
443            20        0.6772
444            20        0.6892
445            20       0.70121
446            20       0.71314
447            20       0.72513
448            20       0.73714
449            20       0.74897
450            20       0.76097
451            20       0.77279
452            20       0.78479
453            20       0.79679
454            20       0.80861
455            20        0.8205
456            20        0.8325
457            20       0.84444
458            20       0.85642
459            20       0.86831
460            20       0.88018
461            20       0.89218
462            20       0.90407
463            20       0.91606
464            20       0.92806
465            20       0.94006
466            20       0.95205
467            20       0.96404
468            20       0.97603
469            20       0.98802
470   20    1
470   41    0
471            41       0.01735
472            41       0.03471
473            41       0.05207
474            41       0.06943
475            41       0.08675
476            41       0.10404
477            41       0.12137
478            41       0.13873
479            41       0.15609
480            41       0.17344
481            41       0.19077
482            41       0.20801
483            41        0.2252
484            41       0.24228
485            41       0.25948
486            41       0.27587
487            41       0.29313
488            41       0.31035
489            41       0.32766
490            41       0.34499
491            41       0.36234
492            41       0.37969
493            41       0.39699
494            41       0.41412
495            41       0.43145
496            41       0.44876
497            41       0.46604
498            41       0.48329
499            41       0.50061
500            41       0.51794
501            41       0.53521
502            41       0.55254
503            41       0.56975
504            41       0.58709
505            41       0.60436
506            41       0.62145
507            41       0.63868
508            41       0.65603
509            41       0.67333
510            41       0.69049
511            41       0.70776
512            41       0.72512
513            41       0.74235
514            41       0.75893
515            41       0.77621
516            41        0.7932
517            41       0.81045
518            41       0.82775
519            41       0.84499
520            41       0.86216
521            41       0.87922
522            41       0.89628
523            41       0.91364
524            41       0.93086
525            41        0.9482
526            41        0.9653
527            41       0.98264
528   41    1
386   21    0
529            21       0.01407
530            21       0.02808
531            21       0.04204
532            21       0.05605
533            21       0.06967
534            21       0.08325
535            21       0.09703
536            21       0.10965
537            21       0.12335
538            21       0.13735
539            21       0.15077
540            21       0.16469
541            21       0.17833
542            21       0.19232
543            21       0.20604
544            21       0.22004
545            21       0.23404
546            21       0.24799
547            21         0.262
548            21       0.27597
549            21       0.28994
550            21       0.30385
551            21       0.31761
552            21       0.33162
553            21       0.34534
554            21       0.35931
555            21       0.37303
556            21         0.387
557            21       0.40101
558            21       0.41502
559            21       0.42894
560            21       0.44274
561            21       0.45639
562            21       0.47029
563            21        0.4841
564            21       0.49807
565            21       0.51206
566            21       0.52606
567            21       0.54003
568            21       0.55399
569            21       0.56797
570            21       0.58194
571            21       0.59595
572            21       0.60994
573            21       0.62395
574            21       0.63795
575            21       0.65195
576            21       0.66596
577            21       0.67994
578            21       0.69386
579            21       0.70786
580            21       0.72184
581            21       0.73579
582            21        0.7498
583            21       0.76366
584            21       0.77766
585            21       0.79161
586            21       0.80549
587            21       0.81946
588            21       0.83285
589            21        0.8463
590            21       0.86025
591            21       0.87417
592            21       0.88816
593            21       0.90213
594            21       0.91607
595            21       0.93008
596            21       0.94408
597            21       0.95806
598            21         0.972
599            21         0.986
600   21    1
600   42    0
601            42       0.01897
602            42       0.03796
603            42       0.05692
604            42       0.07587
605            42       0.09486
606            42       0.11386
607            42       0.13285
608            42       0.15184
609            42       0.17073
610            42       0.18972
611            42       0.20865
612            42       0.22765
613            42        0.2466
614            42       0.26557
615            42       0.28454
616            42       0.30344
617            42       0.32227
618            42       0.34124
619            42       0.36012
620            42       0.37902
621            42       0.39801
622            42        0.4169
623            42       0.43585
624            42       0.45482
625            42       0.47382
626            42        0.4928
627            42       0.51169
628            42       0.53048
629            42       0.54935
630            42       0.56738
631            42        0.5846
632            42       0.60318
633            42       0.62215
634            42       0.64091
635            42        0.6598
636            42       0.67874
637            42       0.69766
638            42       0.71651
639            42       0.73525
640            42        0.7542
641            42       0.77316
642            42       0.79216
643            42        0.8111
644            42        0.8301
645            42       0.84883
646            42       0.86768
647            42       0.88659
648            42       0.90517
649            42       0.92415
650            42       0.94306
651            42       0.96206
652            42       0.98102
653   42    1
51   6   0
654             6       0.05541
655             6       0.11023
656             6       0.16583
657             6       0.22122
658             6       0.27712
659             6       0.33296
660             6       0.38822
661             6       0.44416
662             6        0.5001
663             6       0.55602
664             6       0.61187
665             6       0.66784
666             6       0.72375
667             6       0.77972
668             6       0.83557
669             6       0.89136
670             6        0.9465
671    6    1
671   22    0
672            22       0.00956
673            22       0.01902
674            22       0.02857
675            22        0.0381
676            22       0.04762
677            22       0.05714
678            22       0.06663
679            22       0.07616
680            22       0.08571
681            22       0.09528
682            22       0.10482
683            22       0.11435
684            22       0.12389
685            22       0.13345
686            22       0.14295
687            22       0.15246
688            22       0.16201
689            22       0.17148
690            22       0.18102
691            22       0.19051
692            22       0.20006
693            22       0.20961
694            22       0.21916
695            22       0.22871
696            22       0.23827
697            22        0.2478
698            22        0.2573
699            22       0.26685
700            22       0.27632
701            22       0.28588
702            22       0.29544
703            22       0.30499
704            22        0.3145
705            22       0.32397
706            22       0.33353
707            22       0.34303
708            22       0.35255
709            22       0.36211
710            22       0.37163
711            22       0.38116
712            22       0.39071
713            22       0.40026
714            22       0.40981
715            22       0.41933
716            22       0.42888
717            22       0.43839
718            22       0.44791
719            22       0.45748
720            22       0.46701
721            22       0.47655
722            22       0.48611
723            22       0.49566
724            22       0.50521
725            22       0.51475
726            22       0.52431
727            22       0.53385
728            22       0.54341
729            22       0.55296
730            22       0.56252
731            22       0.57207
732            22       0.58158
733            22       0.59113
734            22       0.60064
735            22       0.61018
736            22       0.61974
737            22       0.62927
738            22       0.63879
739            22       0.64836
740            22       0.65786
741            22       0.66729
742            22       0.67677
743            22       0.68628
744            22       0.69578
745            22       0.70532
746            22       0.71487
747            22       0.72443
748            22       0.73399
749            22       0.74355
750            22       0.75311
751            22       0.76266
752            22       0.77222
753            22       0.78177
754            22       0.79132
755            22       0.80087
756            22       0.81042
757            22       0.81991
758            22       0.82942
759            22       0.83897
760            22       0.84845
761            22       0.85799
762            22       0.86756
763            22       0.87712
764            22       0.88667
765            22       0.89614
766            22        0.9057
767            22       0.91519
768            22       0.92474
769            22       0.93425
770            22       0.94381
771            22       0.95334
772            22       0.96287
773            22       0.97232
774            22       0.98162
775            22       0.99097
776   22    1
776   43    0
777   43    1
777   44    0
778            44       0.04435
779            44       0.09746
780            44        0.1494
781            44        0.2008
782            44       0.25418
783            44       0.30693
784            44       0.36012
785            44       0.41318
786            44       0.46652
787            44       0.51997
788            44       0.57331
789            44       0.62681
790            44       0.68018
791            44       0.73355
792            44       0.78684
793            44       0.84007
794            44       0.89331
795            44       0.94653
796   44    1
777   45    0
797            45       0.05125
798            45       0.12144
799            45       0.19413
800            45       0.26735
801            45       0.34083
802            45       0.41404
803            45       0.48711
804            45       0.56072
805            45       0.63304
806            45       0.70634
807            45       0.77952
808            45        0.8528
809            45       0.92642
810   45    1
25   7   0
811             7       0.07352
812             7       0.13135
813             7       0.18981
814             7       0.24814
815             7       0.30598
816             7       0.36427
817             7       0.42288
818             7       0.47948
819             7       0.53792
820             7       0.59637
821             7        0.6548
822             7       0.71131
823             7       0.76981
824             7       0.82585
825             7       0.88317
826             7       0.94155
827    7    1
827    8    0
828             8       0.04118
829             8       0.08476
830             8       0.12846
831             8       0.17217
832             8       0.21577
833             8       0.25949
834             8       0.30318
835             8       0.34589
836             8       0.38944
837             8       0.43256
838             8       0.47614
839             8       0.51943
840             8       0.56307
841             8       0.60678
842             8       0.65045
843             8       0.69414
844             8       0.73787
845             8       0.78151
846             8       0.82524
847             8       0.86894
848             8        0.9126
849             8       0.95626
850    8    1
850   23    0
851            23       0.04749
852            23       0.09475
853            23       0.14236
854            23          0.19
855            23       0.23766
856            23       0.28534
857            23       0.33304
858            23       0.38065
859            23       0.42813
860            23       0.47579
861            23       0.52347
862            23       0.57116
863            23       0.61885
864            23       0.66654
865            23       0.71422
866            23       0.76187
867            23       0.80955
868            23       0.85723
869            23       0.90492
870            23        0.9526
871   23    1
871   24    0
872            24       0.01677
873            24       0.03345
874            24       0.05016
875            24       0.06687
876            24       0.08357
877            24        0.1002
878            24       0.11691
879            24       0.13355
880            24       0.15025
881            24       0.16692
882            24       0.18362
883            24        0.2003
884            24         0.217
885            24       0.23369
886            24       0.25026
887            24       0.26693
888            24       0.28355
889            24        0.3002
890            24       0.31679
891            24       0.33346
892            24       0.35014
893            24        0.3667
894            24       0.38337
895            24       0.40007
896            24       0.41631
897            24       0.43297
898            24       0.44963
899            24       0.46625
900            24       0.48297
901            24       0.49963
902            24        0.5163
903            24         0.533
904            24       0.54959
905            24       0.56627
906            24       0.58296
907            24       0.59958
908            24       0.61611
909            24       0.63281
910            24       0.64952
911            24       0.66623
912            24       0.68291
913            24       0.69961
914            24       0.71633
915            24       0.73303
916            24       0.74969
917            24       0.76639
918            24       0.78309
919            24        0.7998
920            24       0.81651
921            24        0.8332
922            24       0.84991
923            24       0.86653
924            24       0.88319
925            24       0.89989
926            24       0.91659
927            24        0.9333
928            24       0.95001
929            24       0.96671
930            24       0.98333
931   24    1
931   46    0
932            46       0.01518
933            46       0.03039
934            46       0.04559
935            46       0.06077
936            46       0.07596
937            46       0.09114
938            46       0.10635
939            46       0.12153
940            46       0.13671
941            46       0.15179
942            46       0.16695
943            46       0.18215
944            46       0.19733
945            46       0.21248
946            46        0.2276
947            46       0.24264
948            46        0.2578
949            46         0.273
950            46       0.28812
951            46       0.30332
952            46       0.31851
953            46        0.3337
954            46       0.34883
955            46       0.36392
956            46       0.37901
957            46       0.39405
958            46       0.40921
959            46       0.42414
960            46        0.4391
961            46       0.45431
962            46       0.46941
963            46       0.48454
964            46       0.49974
965            46       0.51495
966            46       0.52996
967            46        0.5451
968            46       0.55987
969            46       0.57503
970            46       0.59023
971            46       0.60543
972            46       0.62055
973            46       0.63562
974            46       0.65081
975            46       0.66591
976            46       0.68111
977            46        0.6963
978            46       0.71149
979            46       0.72668
980            46       0.74177
981            46       0.75694
982            46       0.77212
983            46       0.78731
984            46        0.8025
985            46       0.81763
986            46       0.83279
987            46       0.84796
988            46       0.86315
989            46       0.87834
990            46       0.89354
991            46       0.90874
992            46       0.92394
993            46       0.93915
994            46       0.95436
995            46       0.96957
996            46       0.98479
997   46    1
871   25    0
998            25       0.01342
999            25       0.02759
1000             25        0.04185
1001             25        0.05624
1002             25        0.07069
1003             25        0.08453
1004             25        0.09891
1005             25        0.11151
1006             25        0.12591
1007             25         0.1397
1008             25        0.15412
1009             25        0.16822
1010             25        0.18239
1011             25        0.19672
1012             25        0.21083
1013             25        0.22521
1014             25        0.23963
1015             25        0.25403
1016             25        0.26847
1017             25        0.28285
1018             25        0.29707
1019             25        0.31151
1020             25        0.32564
1021             25        0.34009
1022             25        0.35449
1023             25        0.36891
1024             25        0.38336
1025             25         0.3977
1026             25        0.41205
1027             25        0.42644
1028             25        0.44084
1029             25        0.45518
1030             25        0.46958
1031             25        0.48399
1032             25        0.49809
1033             25        0.51253
1034             25         0.5269
1035             25        0.54129
1036             25         0.5557
1037             25        0.57004
1038             25        0.58431
1039             25        0.59859
1040             25        0.61288
1041             25        0.62731
1042             25        0.64174
1043             25        0.65619
1044             25        0.67063
1045             25        0.68508
1046             25        0.69952
1047             25        0.71396
1048             25        0.72839
1049             25        0.74283
1050             25         0.7565
1051             25        0.77082
1052             25        0.78493
1053             25        0.79872
1054             25        0.81307
1055             25         0.8275
1056             25         0.8419
1057             25        0.85633
1058             25        0.87073
1059             25        0.88511
1060             25        0.89955
1061             25        0.91399
1062             25        0.92841
1063             25        0.94283
1064             25        0.95712
1065             25        0.97145
1066             25        0.98564
1067    25     1
1067    47     0
1068             47        0.02228
1069             47        0.04399
1070             47        0.06639
1071             47        0.08863
1072             47        0.11072
1073             47        0.13304
1074             47        0.15547
1075             47        0.17765
1076             47        0.20006
1077             47        0.22246
1078             47         0.2448
1079             47         0.2672
1080             47        0.28935
1081             47        0.31168
1082             47        0.33378
1083             47        0.35621
1084             47        0.37861
1085             47        0.40057
1086             47          0.423
1087             47        0.44471
1088             47        0.46704
1089             47        0.48936
1090             47        0.51022
1091             47        0.53134
1092             47        0.55327
1093             47        0.57533
1094             47        0.59774
1095             47        0.62019
1096             47        0.64247
1097             47        0.66489
1098             47        0.68708
1099             47        0.70944
1100             47        0.73176
1101             47        0.75417
1102             47        0.77649
1103             47         0.7989
1104             47         0.8212
1105             47        0.84364
1106             47        0.86604
1107             47        0.88844
1108             47        0.91052
1109             47        0.93285
1110             47        0.95524
1111             47        0.97766
1112    47     1
827    9    0
1113              9        0.03405
1114              9        0.06875
1115              9        0.10251
1116              9        0.13714
1117              9        0.17182
1118              9        0.20651
1119              9        0.24112
1120              9        0.27571
1121              9        0.30994
1122              9         0.3441
1123              9        0.37725
1124              9        0.41144
1125              9        0.44575
1126              9        0.48008
1127              9        0.51466
1128              9        0.54932
1129              9        0.58403
1130              9        0.61875
1131              9        0.65346
1132              9        0.68816
1133              9        0.72281
1134              9        0.75747
1135              9        0.79215
1136              9        0.82686
1137              9        0.86157
1138              9        0.89624
1139              9        0.93091
1140              9        0.96534
1141     9     1
1141    26     0
1142             26        0.01708
1143             26        0.03413
1144             26        0.05127
1145             26        0.06839
1146             26        0.08551
1147             26        0.10261
1148             26        0.11958
1149             26         0.1352
1150             26        0.15216
1151             26        0.16873
1152             26        0.18563
1153             26         0.2027
1154             26        0.21985
1155             26        0.23676
1156             26        0.25369
1157             26        0.27067
1158             26         0.2878
1159             26         0.3048
1160             26        0.32189
1161             26        0.33904
1162             26        0.35568
1163             26        0.37257
1164             26        0.38876
1165             26        0.40586
1166             26        0.42227
1167             26         0.4393
1168             26        0.45585
1169             26        0.47298
1170             26        0.48995
1171             26        0.50706
1172             26        0.52354
1173             26        0.54047
1174             26        0.55691
1175             26        0.57398
1176             26         0.5911
1177             26         0.6082
1178             26        0.62517
1179             26        0.64223
1180             26         0.6593
1181             26        0.67613
1182             26        0.69283
1183             26        0.70992
1184             26        0.72643
1185             26        0.74357
1186             26        0.76058
1187             26        0.77764
1188             26        0.79477
1189             26        0.81172
1190             26        0.82885
1191             26        0.84588
1192             26        0.86304
1193             26        0.88018
1194             26        0.89732
1195             26        0.91448
1196             26        0.93163
1197             26        0.94876
1198             26        0.96591
1199             26        0.98306
1200    26     1
1200    27     0
1201             27         0.0404
1202             27        0.08032
1203             27        0.12022
1204             27        0.16036
1205             27        0.20014
1206             27        0.23962
1207             27         0.2797
1208             27        0.31966
1209             27        0.35961
1210             27        0.39974
1211             27        0.43981
1212             27        0.47978
1213             27        0.51974
1214             27        0.55982
1215             27        0.59978
1216             27        0.63989
1217             27        0.67964
1218             27        0.71935
1219             27        0.75947
1220             27        0.79961
1221             27        0.83971
1222             27        0.87985
1223             27        0.91999
1224             27        0.96008
1225    27     1
1225    48     0
1226             48        0.02518
1227             48        0.05037
1228             48        0.07553
1229             48        0.10068
1230             48        0.12582
1231             48        0.15097
1232             48        0.17618
1233             48        0.20129
1234             48        0.22641
1235             48         0.2516
1236             48        0.27681
1237             48          0.302
1238             48        0.32719
1239             48         0.3524
1240             48        0.37759
1241             48        0.40279
1242             48          0.428
1243             48         0.4532
1244             48        0.47838
1245             48        0.50354
1246             48        0.52871
1247             48        0.55392
1248             48        0.57906
1249             48        0.60426
1250             48        0.62942
1251             48        0.65461
1252             48        0.67974
1253             48        0.70478
1254             48        0.72988
1255             48        0.75493
1256             48        0.78015
1257             48        0.80521
1258             48        0.82959
1259             48        0.85333
1260             48        0.87834
1261             48        0.90194
1262             48        0.92642
1263             48        0.95141
1264             48        0.97536
1265    48     1
1200    28     0
1266             28        0.03174
1267             28        0.06056
1268             28        0.09167
1269             28        0.12307
1270             28        0.15446
1271             28        0.18558
1272             28        0.21704
1273             28        0.24853
1274             28        0.27997
1275             28        0.31131
1276             28        0.34261
1277             28        0.37408
1278             28        0.40519
1279             28        0.43612
1280             28         0.4675
1281             28        0.49893
1282             28        0.53032
1283             28        0.56158
1284             28        0.59302
1285             28        0.62432
1286             28        0.65581
1287             28        0.68722
1288             28        0.71868
1289             28        0.75017
1290             28        0.78166
1291             28        0.81313
1292             28        0.84457
1293             28        0.87605
1294             28        0.90752
1295             28        0.93886
1296             28        0.96997
1297    28     1
1297    49     0
1298             49        0.03132
1299             49        0.06265
1300             49        0.09397
1301             49         0.1253
1302             49        0.15662
1303             49        0.18793
1304             49         0.2192
1305             49        0.25052
1306             49        0.28184
1307             49        0.31315
1308             49        0.34447
1309             49         0.3758
1310             49        0.40712
1311             49        0.43844
1312             49        0.46976
1313             49        0.50106
1314             49        0.53237
1315             49        0.56369
1316             49        0.59479
1317             49         0.6261
1318             49        0.65738
1319             49        0.68862
1320             49        0.71988
1321             49        0.75117
1322             49        0.78249
1323             49        0.81373
1324             49        0.84505
1325             49        0.87629
1326             49        0.90761
1327             49        0.93772
1328             49        0.96867
1329    49     1
17   2   0
1330              2        0.31222
1331              2        0.65612
1332     2     1
1332    10     0
1333             10        0.05042
1334             10        0.10125
1335             10        0.15206
1336             10        0.20204
1337             10        0.25263
1338             10        0.30343
1339             10        0.35086
1340             10        0.39898
1341             10        0.44961
1342             10        0.50031
1343             10        0.55095
1344             10        0.60136
1345             10        0.65207
1346             10        0.70273
1347             10        0.75348
1348             10        0.80429
1349             10        0.85508
1350             10        0.90591
1351             10        0.94999
1352    10     1
1352    11     0
1353             11        0.03259
1354             11        0.06315
1355             11        0.09431
1356             11         0.1267
1357             11        0.15903
1358             11        0.19142
1359             11        0.22372
1360             11        0.25592
1361             11        0.28824
1362             11        0.32061
1363             11        0.35301
1364             11        0.38541
1365             11        0.41781
1366             11         0.4502
1367             11         0.4826
1368             11         0.5149
1369             11        0.54723
1370             11        0.57952
1371             11        0.61187
1372             11        0.64427
1373             11        0.67649
1374             11        0.70889
1375             11         0.7412
1376             11        0.77338
1377             11        0.80568
1378             11        0.83806
1379             11        0.87043
1380             11        0.90282
1381             11        0.93522
1382             11        0.96761
1383    11     1
1383    29     0
1384             29        0.02844
1385             29        0.05677
1386             29        0.08535
1387             29        0.11398
1388             29        0.14256
1389             29        0.17117
1390             29        0.19958
1391             29        0.22812
1392             29        0.25675
1393             29        0.28539
1394             29        0.31401
1395             29        0.34261
1396             29        0.37123
1397             29        0.39983
1398             29        0.42843
1399             29        0.45675
1400             29        0.48537
1401             29        0.51401
1402             29        0.54264
1403             29        0.57122
1404             29        0.59982
1405             29        0.62845
1406             29        0.65709
1407             29        0.68573
1408             29        0.71437
1409             29          0.743
1410             29        0.77164
1411             29        0.80026
1412             29        0.82878
1413             29        0.85714
1414             29        0.88571
1415             29        0.91415
1416             29        0.94274
1417             29        0.97135
1418    29     1
1418    30     0
1419             30        0.01954
1420             30        0.03991
1421             30        0.06041
1422             30        0.08092
1423             30        0.10142
1424             30        0.12188
1425             30        0.14236
1426             30        0.16279
1427             30        0.18328
1428             30        0.20362
1429             30        0.22404
1430             30        0.24451
1431             30        0.26465
1432             30        0.28516
1433             30        0.30566
1434             30        0.32617
1435             30        0.34667
1436             30        0.36717
1437             30        0.38769
1438             30        0.40793
1439             30        0.42805
1440             30        0.44807
1441             30        0.46843
1442             30        0.48892
1443             30        0.50943
1444             30        0.52993
1445             30        0.55044
1446             30        0.57091
1447             30        0.59135
1448             30        0.61128
1449             30        0.63179
1450             30        0.65203
1451             30        0.67252
1452             30        0.69293
1453             30        0.71341
1454             30        0.73387
1455             30        0.75437
1456             30        0.77486
1457             30         0.7953
1458             30        0.81579
1459             30        0.83622
1460             30        0.85673
1461             30        0.87712
1462             30        0.89756
1463             30        0.91803
1464             30        0.93848
1465             30        0.95898
1466             30        0.97949
1467    30     1
1467    50     0
1468             50        0.01519
1469             50        0.03038
1470             50        0.04556
1471             50        0.06076
1472             50        0.07594
1473             50        0.09113
1474             50        0.10632
1475             50        0.12152
1476             50        0.13671
1477             50        0.15189
1478             50        0.16695
1479             50        0.18213
1480             50        0.19729
1481             50        0.21248
1482             50        0.22767
1483             50        0.24286
1484             50        0.25805
1485             50        0.27323
1486             50        0.28843
1487             50        0.30361
1488             50        0.31879
1489             50        0.33398
1490             50        0.34916
1491             50        0.36435
1492             50        0.37954
1493             50        0.39473
1494             50        0.40992
1495             50        0.42511
1496             50         0.4403
1497             50        0.45543
1498             50        0.47062
1499             50         0.4858
1500             50        0.50095
1501             50        0.51611
1502             50        0.53131
1503             50         0.5465
1504             50        0.56168
1505             50        0.57686
1506             50        0.59205
1507             50        0.60722
1508             50        0.62232
1509             50        0.63747
1510             50        0.65263
1511             50        0.66782
1512             50        0.68301
1513             50        0.69819
1514             50        0.71338
1515             50        0.72858
1516             50        0.74377
1517             50        0.75894
1518             50        0.77412
1519             50        0.78932
1520             50        0.80451
1521             50         0.8197
1522             50         0.8347
1523             50        0.84976
1524             50        0.86495
1525             50         0.8795
1526             50        0.89463
1527             50        0.90971
1528             50        0.92433
1529             50        0.93935
1530             50        0.95446
1531             50        0.96965
1532             50         0.9848
1533    50     1
1418    31     0
1534             31        0.01731
1535             31        0.03518
1536             31        0.05305
1537             31        0.07088
1538             31        0.08872
1539             31         0.1066
1540             31        0.12447
1541             31        0.14234
1542             31        0.16017
1543             31          0.178
1544             31        0.19584
1545             31        0.21367
1546             31        0.23154
1547             31         0.2494
1548             31        0.26727
1549             31        0.28515
1550             31        0.30302
1551             31        0.32089
1552             31        0.33876
1553             31        0.35664
1554             31        0.37451
1555             31        0.39238
1556             31        0.41026
1557             31        0.42814
1558             31        0.44601
1559             31        0.46389
1560             31        0.48176
1561             31        0.49964
1562             31        0.51752
1563             31        0.53539
1564             31        0.55326
1565             31        0.57112
1566             31        0.58899
1567             31        0.60686
1568             31        0.62472
1569             31        0.64258
1570             31        0.66044
1571             31        0.67831
1572             31        0.69618
1573             31        0.71406
1574             31        0.73193
1575             31         0.7498
1576             31        0.76768
1577             31        0.78555
1578             31        0.80342
1579             31        0.82129
1580             31        0.83917
1581             31        0.85704
1582             31         0.8749
1583             31        0.89276
1584             31        0.91063
1585             31        0.92851
1586             31        0.94639
1587             31        0.96426
1588             31        0.98213
1589    31     1
1589    51     0
1590             51        0.02501
1591             51        0.05001
1592             51        0.07502
1593             51        0.10002
1594             51        0.12501
1595             51           0.15
1596             51        0.17501
1597             51        0.19999
1598             51        0.22495
1599             51        0.24991
1600             51        0.27489
1601             51         0.2999
1602             51         0.3249
1603             51        0.34989
1604             51         0.3749
1605             51        0.39991
1606             51        0.42492
1607             51        0.44992
1608             51        0.47493
1609             51        0.49993
1610             51        0.52494
1611             51        0.54994
1612             51        0.57494
1613             51        0.59995
1614             51        0.62495
1615             51        0.64996
1616             51        0.67497
1617             51        0.69998
1618             51        0.72499
1619             51        0.74998
1620             51        0.77496
1621             51        0.79994
1622             51        0.82494
1623             51        0.84995
1624             51        0.87496
1625             51        0.89996
1626             51        0.92497
1627             51        0.94998
1628             51        0.97499
1629    51     1
1383    32     0
1630             32        0.01341
1631             32         0.0266
1632             32        0.04015
1633             32        0.05388
1634             32         0.0674
1635             32        0.08112
1636             32        0.09485
1637             32        0.10855
1638             32        0.12209
1639             32        0.13579
1640             32        0.14947
1641             32        0.16318
1642             32        0.17689
1643             32        0.19059
1644             32         0.2043
1645             32        0.21803
1646             32        0.23175
1647             32        0.24549
1648             32        0.25922
1649             32        0.27296
1650             32        0.28669
1651             32        0.30041
1652             32        0.31414
1653             32        0.32788
1654             32        0.34162
1655             32        0.35535
1656             32        0.36909
1657             32        0.38283
1658             32        0.39655
1659             32        0.41028
1660             32          0.424
1661             32        0.43771
1662             32        0.45144
1663             32        0.46516
1664             32        0.47887
1665             32        0.49254
1666             32        0.50617
1667             32        0.51976
1668             32        0.53347
1669             32         0.5472
1670             32        0.56091
1671             32        0.57465
1672             32        0.58838
1673             32         0.6021
1674             32        0.61584
1675             32        0.62955
1676             32        0.64328
1677             32        0.65702
1678             32        0.67075
1679             32        0.68447
1680             32        0.69818
1681             32        0.71191
1682             32        0.72564
1683             32        0.73931
1684             32        0.75294
1685             32        0.76662
1686             32        0.78034
1687             32        0.79408
1688             32        0.80781
1689             32        0.82153
1690             32        0.83525
1691             32        0.84898
1692             32        0.86271
1693             32        0.87645
1694             32        0.89018
1695             32        0.90392
1696             32        0.91765
1697             32        0.93138
1698             32        0.94509
1699             32        0.95882
1700             32        0.97255
1701             32        0.98627
1702    32     1
1702    33     0
1703             33        0.08095
1704             33        0.16299
1705             33        0.24645
1706             33        0.33024
1707             33        0.41402
1708             33        0.49781
1709             33        0.58155
1710             33        0.66525
1711             33        0.74898
1712             33        0.83273
1713             33        0.91648
1714    33     1
1714    52     0
1715             52        0.01957
1716             52        0.03914
1717             52        0.05869
1718             52         0.0783
1719             52        0.09792
1720             52        0.11752
1721             52        0.13712
1722             52        0.15673
1723             52        0.17633
1724             52        0.19592
1725             52        0.21554
1726             52        0.23515
1727             52        0.25476
1728             52        0.27437
1729             52        0.29399
1730             52         0.3136
1731             52        0.33321
1732             52        0.35282
1733             52        0.37243
1734             52        0.39204
1735             52        0.41165
1736             52        0.43126
1737             52        0.45087
1738             52        0.47048
1739             52        0.49008
1740             52        0.50969
1741             52         0.5293
1742             52        0.54891
1743             52        0.56853
1744             52        0.58814
1745             52        0.60775
1746             52        0.62737
1747             52        0.64698
1748             52        0.66659
1749             52         0.6862
1750             52        0.70581
1751             52        0.72543
1752             52        0.74504
1753             52        0.76465
1754             52        0.78426
1755             52        0.80387
1756             52        0.82349
1757             52         0.8431
1758             52        0.86271
1759             52        0.88232
1760             52        0.90194
1761             52        0.92155
1762             52        0.94117
1763             52        0.96078
1764             52        0.98039
1765    52     1
1702    34     0
1766             34        0.07537
1767             34        0.15211
1768             34        0.22905
1769             34        0.30613
1770             34        0.38324
1771             34        0.46035
1772             34        0.53746
1773             34        0.61458
1774             34         0.6917
1775             34        0.76881
1776             34        0.84587
1777             34        0.92293
1778    34     1
1778    53     0
1779             53        0.06667
1780             53        0.13225
1781             53        0.19904
1782             53        0.26568
1783             53        0.33237
1784             53        0.39913
1785             53        0.46593
1786             53        0.53274
1787             53        0.59952
1788             53        0.66619
1789             53        0.73281
1790             53        0.79958
1791             53        0.86638
1792             53        0.93319
1793    53     1
1352    12     0
1794             12        0.02579
1795             12         0.0562
1796             12        0.08669
1797             12        0.11716
1798             12        0.14764
1799             12        0.17812
1800             12         0.2086
1801             12        0.23906
1802             12        0.26954
1803             12        0.30002
1804             12        0.33039
1805             12        0.36069
1806             12        0.39108
1807             12        0.42145
1808             12        0.45188
1809             12        0.48236
1810             12        0.51283
1811             12        0.54312
1812             12        0.57361
1813             12        0.60409
1814             12        0.63448
1815             12        0.66493
1816             12        0.69535
1817             12        0.72575
1818             12        0.75619
1819             12        0.78666
1820             12        0.81714
1821             12        0.84762
1822             12        0.87811
1823             12         0.9086
1824             12        0.93908
1825             12        0.96955
1826    12     1
1826    35     0
1827             35        0.02939
1828             35         0.0588
1829             35        0.08819
1830             35        0.11753
1831             35        0.14687
1832             35        0.17631
1833             35        0.20573
1834             35        0.23514
1835             35        0.26452
1836             35        0.29393
1837             35        0.32337
1838             35        0.35281
1839             35        0.38225
1840             35        0.41168
1841             35        0.44111
1842             35        0.47055
1843             35        0.49999
1844             35        0.52942
1845             35        0.55882
1846             35        0.58825
1847             35        0.61768
1848             35        0.64712
1849             35        0.67656
1850             35        0.70599
1851             35        0.73541
1852             35        0.76484
1853             35        0.79428
1854             35        0.82371
1855             35        0.85314
1856             35        0.88256
1857             35        0.91193
1858             35        0.94134
1859             35        0.97074
1860    35     1
1860    36     0
1861             36        0.02133
1862             36        0.04313
1863             36        0.06488
1864             36        0.08664
1865             36         0.1084
1866             36        0.13016
1867             36        0.15193
1868             36        0.17372
1869             36        0.19552
1870             36         0.2173
1871             36        0.23907
1872             36        0.26086
1873             36         0.2826
1874             36        0.30432
1875             36        0.32611
1876             36        0.34786
1877             36        0.36955
1878             36        0.39112
1879             36        0.41286
1880             36        0.43465
1881             36        0.45633
1882             36        0.47809
1883             36        0.49987
1884             36        0.52151
1885             36        0.54328
1886             36        0.56504
1887             36        0.58666
1888             36        0.60846
1889             36           0.63
1890             36        0.65176
1891             36        0.67351
1892             36        0.69528
1893             36        0.71703
1894             36        0.73871
1895             36        0.76051
1896             36        0.78229
1897             36        0.80408
1898             36        0.82586
1899             36        0.84765
1900             36        0.86935
1901             36        0.89111
1902             36        0.91287
1903             36        0.93465
1904             36        0.95642
1905             36        0.97821
1906    36     1
1906    54     0
1907             54        0.01493
1908             54        0.02986
1909             54        0.04478
1910             54        0.05971
1911             54        0.07464
1912             54        0.08958
1913             54        0.10448
1914             54        0.11939
1915             54        0.13433
1916             54        0.14923
1917             54        0.16415
1918             54        0.17906
1919             54        0.19398
1920             54        0.20891
1921             54        0.22385
1922             54        0.23877
1923             54         0.2537
1924             54        0.26864
1925             54        0.28357
1926             54        0.29849
1927             54        0.31342
1928             54        0.32834
1929             54        0.34324
1930             54        0.35809
1931             54        0.37301
1932             54        0.38795
1933             54        0.40288
1934             54        0.41781
1935             54        0.43274
1936             54        0.44766
1937             54        0.46259
1938             54         0.4775
1939             54        0.49243
1940             54        0.50735
1941             54        0.52227
1942             54         0.5372
1943             54        0.55214
1944             54        0.56707
1945             54          0.582
1946             54        0.59691
1947             54        0.61182
1948             54        0.62674
1949             54        0.64166
1950             54        0.65659
1951             54        0.67152
1952             54        0.68646
1953             54        0.70139
1954             54        0.71633
1955             54        0.73126
1956             54         0.7462
1957             54        0.76113
1958             54        0.77606
1959             54        0.79099
1960             54        0.80593
1961             54        0.82086
1962             54        0.83579
1963             54        0.85073
1964             54        0.86565
1965             54        0.88057
1966             54         0.8955
1967             54        0.91043
1968             54        0.92536
1969             54         0.9403
1970             54        0.95523
1971             54        0.97015
1972             54        0.98508
1973    54     1
1860    37     0
1974             37        0.01658
1975             37        0.03356
1976             37        0.05055
1977             37        0.06754
1978             37        0.08453
1979             37        0.10152
1980             37        0.11851
1981             37        0.13548
1982             37        0.15245
1983             37        0.16945
1984             37        0.18644
1985             37        0.20342
1986             37        0.22039
1987             37        0.23735
1988             37        0.25433
1989             37        0.27127
1990             37        0.28823
1991             37        0.30511
1992             37        0.32193
1993             37        0.33893
1994             37        0.35583
1995             37         0.3728
1996             37        0.38968
1997             37        0.40657
1998             37        0.42351
1999             37        0.43999
2000             37        0.45694
2001             37        0.47392
2002             37        0.49088
2003             37        0.50785
2004             37        0.52482
2005             37        0.54175
2006             37        0.55871
2007             37        0.57567
2008             37        0.59264
2009             37        0.60963
2010             37         0.6266
2011             37        0.64356
2012             37        0.66049
2013             37        0.67748
2014             37        0.69445
2015             37        0.71145
2016             37        0.72844
2017             37        0.74543
2018             37        0.76242
2019             37        0.77941
2020             37        0.79638
2021             37        0.81336
2022             37        0.83027
2023             37        0.84725
2024             37        0.86424
2025             37        0.88123
2026             37        0.89821
2027             37        0.91518
2028             37        0.93215
2029             37        0.94906
2030             37        0.96604
2031             37        0.98303
2032    37     1
2032    55     0
2033             55        0.03462
2034             55        0.06923
2035             55        0.10382
2036             55        0.13838
2037             55          0.173
2038             55        0.20753
2039             55        0.24186
2040             55        0.27644
2041             55        0.31112
2042             55         0.3458
2043             55        0.38048
2044             55        0.41516
2045             55        0.44984
2046             55        0.48452
2047             55         0.5192
2048             55        0.55384
2049             55        0.58837
2050             55          0.623
2051             55        0.65765
2052             55        0.69233
2053             55          0.727
2054             55        0.76167
2055             55        0.79572
2056             55        0.83037
2057             55        0.86492
2058             55        0.89959
2059             55        0.93086
2060             55        0.96532
2061    55     1
1  58   0
2062             58        0.16703
2063             58        0.33405
2064             58        0.50054
2065             58        0.66715
2066             58        0.83412
2067    58     1
