0  65   0
1  65   1
1  66   0
2           66      0.12389
3           66      0.24891
4           66      0.37427
5           66      0.49926
6           66      0.62383
7           66      0.74853
8           66      0.87395
9  66   1
9  0  0
10   0   1
10   1   0
11            1       0.0828
12            1      0.14508
13            1      0.20737
14            1      0.26963
15            1      0.33153
16            1      0.39348
17            1      0.45557
18            1      0.51694
19            1      0.57921
20            1      0.63937
21            1       0.7015
22            1      0.76372
23            1      0.82589
24            1      0.88612
25            1       0.9482
26   1   1
26   2   0
27            2      0.23224
28            2      0.42452
29            2      0.61615
30            2      0.80957
31   2   1
31  13   0
32           13      0.06278
33           13      0.12289
34           13      0.18576
35           13      0.24755
36           13      0.31035
37           13      0.37318
38           13       0.4359
39           13      0.49878
40           13      0.56166
41           13      0.62455
42           13       0.6862
43           13      0.74904
44           13      0.81155
45           13      0.87425
46           13      0.93715
47  13   1
47  14   0
48           14      0.03803
49           14      0.07948
50           14      0.12129
51           14      0.16316
52           14      0.20502
53           14      0.24678
54           14      0.28864
55           14      0.33054
56           14       0.3724
57           14      0.41426
58           14      0.45605
59           14      0.49793
60           14      0.53978
61           14      0.58166
62           14       0.6235
63           14      0.66537
64           14      0.70727
65           14      0.74914
66           14      0.79102
67           14       0.8329
68           14       0.8746
69           14      0.91623
70           14      0.95811
71  14   1
71  31   0
72           31      0.11239
73           31      0.22464
74           31       0.3368
75           31      0.44912
76           31      0.56138
77           31      0.67354
78           31      0.78592
79           31      0.89694
80  31   1
80  32   0
81           32      0.03114
82           32      0.06064
83           32      0.09017
84           32      0.11969
85           32      0.14921
86           32      0.17867
87           32      0.20818
88           32      0.23773
89           32      0.26723
90           32      0.29675
91           32      0.32622
92           32      0.35552
93           32      0.38501
94           32      0.41451
95           32      0.44404
96           32      0.47358
97           32      0.50311
98           32      0.53263
99           32      0.56214
100            32       0.59167
101            32       0.62114
102            32        0.6505
103            32       0.67997
104            32        0.7095
105            32       0.73889
106            32       0.76819
107            32       0.79761
108            32       0.82714
109            32       0.85644
110            32       0.88594
111            32       0.91534
112            32       0.94459
113            32       0.97405
114   32    1
114   33    0
115            33       0.03138
116            33       0.05907
117            33       0.08675
118            33       0.11441
119            33       0.14208
120            33       0.16975
121            33       0.19744
122            33       0.22513
123            33       0.25267
124            33       0.28033
125            33       0.30799
126            33        0.3356
127            33       0.36332
128            33       0.39099
129            33       0.41863
130            33       0.44633
131            33       0.47404
132            33       0.50176
133            33       0.52947
134            33       0.55716
135            33       0.58485
136            33       0.61256
137            33       0.64024
138            33       0.66788
139            33        0.6954
140            33       0.72308
141            33       0.75071
142            33       0.77841
143            33       0.80611
144            33       0.83377
145            33       0.86147
146            33       0.88917
147            33       0.91686
148            33       0.94458
149            33       0.97228
150   33    1
150   52    0
151            52       0.02174
152            52        0.0435
153            52       0.06525
154            52       0.08699
155            52       0.10873
156            52        0.1305
157            52       0.15224
158            52       0.17392
159            52       0.19565
160            52       0.21743
161            52        0.2392
162            52       0.26097
163            52        0.2827
164            52       0.30438
165            52       0.32615
166            52        0.3479
167            52       0.36965
168            52        0.3914
169            52       0.41315
170            52       0.43491
171            52       0.45666
172            52       0.47842
173            52       0.50016
174            52       0.52193
175            52       0.54368
176            52       0.56543
177            52       0.58717
178            52       0.60888
179            52       0.63063
180            52        0.6524
181            52       0.67418
182            52       0.69595
183            52       0.71769
184            52       0.73944
185            52        0.7612
186            52       0.78294
187            52        0.8047
188            52       0.82646
189            52       0.84821
190            52       0.86992
191            52       0.89158
192            52       0.91325
193            52       0.93474
194            52       0.95648
195            52       0.97825
196   52    1
114   34    0
197            34       0.02887
198            34        0.0541
199            34       0.07945
200            34       0.10493
201            34       0.13032
202            34       0.15587
203            34       0.18138
204            34       0.20696
205            34       0.23254
206            34       0.25813
207            34       0.28371
208            34       0.30929
209            34       0.33486
210            34       0.36044
211            34       0.38601
212            34        0.4116
213            34        0.4372
214            34       0.46278
215            34       0.48834
216            34       0.51393
217            34        0.5395
218            34       0.56509
219            34       0.59066
220            34       0.61625
221            34       0.64183
222            34       0.66743
223            34       0.69299
224            34       0.71857
225            34       0.74417
226            34       0.76976
227            34       0.79535
228            34       0.82092
229            34       0.84649
230            34       0.87205
231            34       0.89764
232            34       0.92322
233            34       0.94881
234            34        0.9744
235   34    1
235   53    0
236            53        0.0244
237            53        0.0488
238            53        0.0732
239            53        0.0976
240            53         0.122
241            53       0.14641
242            53       0.17081
243            53       0.19521
244            53       0.21961
245            53         0.244
246            53       0.26838
247            53       0.29277
248            53       0.31717
249            53       0.34157
250            53       0.36596
251            53       0.39031
252            53       0.41465
253            53       0.43905
254            53       0.46334
255            53       0.48765
256            53       0.51205
257            53       0.53644
258            53       0.56082
259            53        0.5852
260            53        0.6096
261            53       0.63401
262            53       0.65841
263            53       0.68281
264            53        0.7072
265            53       0.73161
266            53       0.75601
267            53        0.7804
268            53        0.8048
269            53       0.82919
270            53       0.85359
271            53       0.87799
272            53        0.9024
273            53        0.9268
274            53       0.95119
275            53        0.9756
276   53    1
80  35   0
277            35       0.01217
278            35       0.02378
279            35       0.03368
280            35       0.04518
281            35       0.05689
282            35       0.06861
283            35       0.07793
284            35       0.08667
285            35       0.09812
286            35        0.1098
287            35       0.12151
288            35       0.13324
289            35       0.14497
290            35       0.15668
291            35        0.1684
292            35       0.18013
293            35       0.19186
294            35       0.20358
295            35       0.21531
296            35       0.22704
297            35       0.23877
298            35        0.2505
299            35       0.26223
300            35       0.27393
301            35       0.28565
302            35       0.29739
303            35       0.30906
304            35       0.32078
305            35       0.33249
306            35       0.34422
307            35       0.35594
308            35       0.36767
309            35       0.37938
310            35        0.3911
311            35       0.40278
312            35       0.41451
313            35       0.42621
314            35       0.43794
315            35       0.44968
316            35        0.4614
317            35       0.47275
318            35       0.48426
319            35       0.49595
320            35       0.50766
321            35       0.51939
322            35       0.53109
323            35       0.54277
324            35        0.5545
325            35       0.56623
326            35       0.57795
327            35       0.58968
328            35       0.60135
329            35       0.61307
330            35       0.62474
331            35       0.63646
332            35       0.64819
333            35       0.65992
334            35       0.67164
335            35       0.68335
336            35       0.69506
337            35       0.70678
338            35       0.71851
339            35       0.73024
340            35       0.74198
341            35       0.75371
342            35       0.76543
343            35       0.77716
344            35       0.78888
345            35        0.8006
346            35       0.81234
347            35       0.82407
348            35        0.8358
349            35       0.84753
350            35       0.85926
351            35         0.871
352            35       0.88273
353            35       0.89446
354            35       0.90619
355            35       0.91792
356            35       0.92963
357            35       0.94137
358            35        0.9531
359            35       0.96483
360            35       0.97656
361            35       0.98829
362   35    1
362   54    0
363            54       0.03448
364            54       0.06889
365            54       0.10337
366            54       0.13776
367            54       0.17235
368            54       0.20675
369            54       0.24119
370            54       0.27573
371            54       0.31026
372            54       0.34483
373            54       0.37941
374            54       0.41397
375            54       0.44854
376            54       0.48293
377            54       0.51744
378            54       0.55196
379            54       0.58636
380            54       0.62084
381            54       0.65543
382            54          0.69
383            54       0.72455
384            54       0.75893
385            54       0.79347
386            54       0.82805
387            54        0.8626
388            54       0.89673
389            54       0.93132
390            54       0.96541
391   54    1
47  15   0
392            15       0.03818
393            15       0.07667
394            15       0.11517
395            15       0.15366
396            15       0.19216
397            15       0.23065
398            15       0.26912
399            15       0.30759
400            15       0.34608
401            15       0.38458
402            15       0.42308
403            15       0.46158
404            15       0.50007
405            15       0.53857
406            15       0.57704
407            15       0.61548
408            15       0.65395
409            15       0.69238
410            15       0.73083
411            15       0.76932
412            15       0.80781
413            15       0.84631
414            15       0.88477
415            15       0.92321
416            15        0.9616
417   15    1
417   36    0
418            36       0.01221
419            36       0.02435
420            36       0.03656
421            36       0.04876
422            36       0.06097
423            36       0.07318
424            36       0.08538
425            36       0.09759
426            36       0.10979
427            36       0.12201
428            36        0.1342
429            36       0.14638
430            36       0.15854
431            36       0.17075
432            36       0.18289
433            36       0.19505
434            36       0.20727
435            36       0.21945
436            36       0.23164
437            36       0.24383
438            36       0.25599
439            36       0.26817
440            36       0.28038
441            36       0.29258
442            36       0.30478
443            36         0.317
444            36        0.3292
445            36       0.34135
446            36        0.3535
447            36       0.36566
448            36       0.37788
449            36       0.39006
450            36       0.40222
451            36       0.41442
452            36       0.42663
453            36       0.43884
454            36       0.45105
455            36       0.46326
456            36       0.47547
457            36       0.48767
458            36       0.49988
459            36       0.51209
460            36        0.5243
461            36       0.53651
462            36       0.54872
463            36        0.5609
464            36       0.57309
465            36       0.58529
466            36        0.5975
467            36       0.60969
468            36       0.62189
469            36       0.63408
470            36       0.64626
471            36       0.65846
472            36       0.67067
473            36       0.68284
474            36       0.69496
475            36       0.70718
476            36       0.71939
477            36       0.73158
478            36       0.74374
479            36       0.75593
480            36       0.76814
481            36       0.78034
482            36       0.79254
483            36       0.80476
484            36       0.81697
485            36       0.82918
486            36       0.84134
487            36       0.85354
488            36       0.86574
489            36       0.87793
490            36       0.89013
491            36       0.90235
492            36       0.91456
493            36       0.92676
494            36       0.93897
495            36       0.95118
496            36       0.96337
497            36       0.97558
498            36       0.98779
499   36    1
499   55    0
500            55       0.01856
501            55       0.03712
502            55       0.05569
503            55       0.07426
504            55       0.09282
505            55       0.11123
506            55       0.12954
507            55        0.1481
508            55       0.16667
509            55       0.18523
510            55       0.20376
511            55       0.22228
512            55       0.24084
513            55       0.25939
514            55       0.27788
515            55       0.29642
516            55       0.31495
517            55        0.3335
518            55       0.35205
519            55       0.37059
520            55       0.38916
521            55       0.40771
522            55       0.42626
523            55       0.44479
524            55       0.46322
525            55       0.48178
526            55       0.50028
527            55       0.51872
528            55       0.53724
529            55       0.55579
530            55       0.57435
531            55       0.59289
532            55       0.61143
533            55       0.62994
534            55        0.6485
535            55       0.66705
536            55       0.68559
537            55       0.70413
538            55       0.72267
539            55       0.74123
540            55       0.75979
541            55       0.77832
542            55       0.79686
543            55       0.81541
544            55       0.83397
545            55       0.85253
546            55       0.87081
547            55       0.88932
548            55       0.90756
549            55       0.92583
550            55       0.94432
551            55       0.96287
552            55       0.98143
553   55    1
26   3   0
554             3       0.12966
555             3       0.23784
556             3       0.34769
557             3       0.45721
558             3       0.56646
559             3        0.6755
560             3       0.78512
561             3       0.89062
562    3    1
562   16    0
563            16       0.02026
564            16       0.04088
565            16       0.06233
566            16       0.08371
567            16       0.10514
568            16       0.12653
569            16       0.14795
570            16       0.16938
571            16       0.19068
572            16       0.21212
573            16       0.23346
574            16       0.25487
575            16       0.27632
576            16       0.29773
577            16       0.31913
578            16       0.34024
579            16       0.36169
580            16       0.38293
581            16       0.40428
582            16       0.42563
583            16       0.44708
584            16       0.46835
585            16       0.48924
586            16       0.51062
587            16       0.53175
588            16       0.55315
589            16       0.57417
590            16       0.59525
591            16       0.61649
592            16       0.63761
593            16       0.65901
594            16        0.6803
595            16        0.7015
596            16        0.7228
597            16       0.74394
598            16       0.76531
599            16       0.78669
600            16       0.80787
601            16       0.82906
602            16       0.85047
603            16       0.87188
604            16       0.89331
605            16       0.91476
606            16        0.9362
607            16       0.95748
608            16       0.97886
609   16    1
609   37    0
610            37       0.04771
611            37       0.09523
612            37        0.1425
613            37       0.19013
614            37       0.23777
615            37       0.28543
616            37       0.33308
617            37       0.38078
618            37       0.42851
619            37       0.47618
620            37        0.5239
621            37       0.57152
622            37       0.61925
623            37       0.66685
624            37       0.71452
625            37        0.7622
626            37       0.80984
627            37       0.85744
628            37       0.90517
629            37       0.95288
630   37    1
630   38    0
631            38       0.03228
632            38       0.06447
633            38       0.09677
634            38       0.12897
635            38       0.16127
636            38       0.19359
637            38       0.22591
638            38       0.25819
639            38       0.29047
640            38       0.32279
641            38       0.35509
642            38       0.38738
643            38        0.4197
644            38       0.45198
645            38       0.48423
646            38       0.51654
647            38       0.54886
648            38       0.58117
649            38       0.61349
650            38       0.64581
651            38       0.67813
652            38       0.71045
653            38       0.74277
654            38       0.77508
655            38       0.80735
656            38       0.83945
657            38       0.87167
658            38       0.90394
659            38        0.9359
660            38       0.96809
661   38    1
661   39    0
662            39       0.02511
663            39       0.06131
664            39        0.0974
665            39       0.13289
666            39       0.16845
667            39       0.20461
668            39       0.24078
669            39       0.27695
670            39       0.31315
671            39       0.34934
672            39       0.38551
673            39       0.42154
674            39       0.45758
675            39       0.49379
676            39       0.52987
677            39       0.56606
678            39       0.60225
679            39       0.63839
680            39       0.67451
681            39       0.71068
682            39       0.74686
683            39       0.78301
684            39       0.81918
685            39       0.85537
686            39       0.89158
687            39       0.92775
688            39       0.96394
689   39    1
689   56    0
690            56       0.01454
691            56       0.02908
692            56        0.0436
693            56       0.05813
694            56       0.07265
695            56       0.08719
696            56       0.10173
697            56       0.11628
698            56       0.13081
699            56       0.14531
700            56       0.15984
701            56       0.17438
702            56        0.1889
703            56       0.20342
704            56       0.21796
705            56       0.23245
706            56       0.24695
707            56       0.26149
708            56       0.27602
709            56       0.29055
710            56       0.30492
711            56       0.31943
712            56       0.33397
713            56        0.3485
714            56       0.36304
715            56       0.37758
716            56        0.3921
717            56       0.40657
718            56       0.41956
719            56       0.43406
720            56       0.44857
721            56       0.46311
722            56       0.47762
723            56       0.49213
724            56       0.50664
725            56       0.52116
726            56       0.53559
727            56       0.55006
728            56       0.56458
729            56        0.5791
730            56       0.59363
731            56       0.60817
732            56       0.62271
733            56       0.63726
734            56       0.65178
735            56       0.66632
736            56       0.68086
737            56        0.6954
738            56       0.70994
739            56       0.72448
740            56       0.73902
741            56       0.75356
742            56       0.76809
743            56       0.78263
744            56       0.79716
745            56       0.81161
746            56        0.8261
747            56       0.84062
748            56       0.85514
749            56       0.86948
750            56       0.88387
751            56       0.89839
752            56       0.91293
753            56       0.92737
754            56       0.94185
755            56       0.95638
756            56       0.97092
757            56       0.98546
758   56    1
661   40    0
759            40       0.03122
760            40       0.06242
761            40        0.0937
762            40       0.12502
763            40       0.15631
764            40       0.18759
765            40       0.21891
766            40       0.25019
767            40        0.2815
768            40       0.31281
769            40       0.34413
770            40       0.37536
771            40       0.40653
772            40       0.43783
773            40       0.46899
774            40       0.50028
775            40       0.53139
776            40       0.56269
777            40       0.59396
778            40       0.62519
779            40       0.65644
780            40       0.68775
781            40       0.71907
782            40       0.75036
783            40        0.7815
784            40       0.81229
785            40       0.84356
786            40       0.87479
787            40        0.9061
788            40       0.93739
789            40       0.96868
790   40    1
790   57    0
791            57        0.0213
792            57        0.0426
793            57       0.06389
794            57       0.08519
795            57       0.10649
796            57       0.12779
797            57       0.14908
798            57       0.17038
799            57       0.19164
800            57        0.2129
801            57        0.2342
802            57        0.2555
803            57       0.27677
804            57       0.29807
805            57       0.31937
806            57       0.34068
807            57       0.36198
808            57       0.38328
809            57       0.40458
810            57       0.42582
811            57       0.44706
812            57       0.46832
813            57       0.48961
814            57       0.51091
815            57       0.53221
816            57        0.5535
817            57       0.57478
818            57       0.59605
819            57       0.61734
820            57       0.63864
821            57       0.65994
822            57       0.68121
823            57       0.70245
824            57       0.72374
825            57       0.74502
826            57       0.76631
827            57       0.78761
828            57       0.80888
829            57       0.83019
830            57       0.85141
831            57       0.87265
832            57       0.89395
833            57       0.91523
834            57        0.9365
835            57       0.95779
836            57       0.97875
837   57    1
630   41    0
838            41       0.01404
839            41       0.02814
840            41       0.04224
841            41       0.05621
842            41       0.07028
843            41       0.08436
844            41       0.09843
845            41       0.11252
846            41        0.1266
847            41       0.14069
848            41       0.15475
849            41       0.16882
850            41       0.18291
851            41       0.19701
852            41       0.21108
853            41       0.22514
854            41       0.23924
855            41       0.25334
856            41       0.26743
857            41       0.28151
858            41       0.29558
859            41       0.30968
860            41       0.32377
861            41       0.33787
862            41       0.35197
863            41       0.36605
864            41       0.38013
865            41       0.39423
866            41       0.40832
867            41       0.42242
868            41       0.43652
869            41       0.45062
870            41        0.4647
871            41        0.4788
872            41       0.49288
873            41       0.50696
874            41       0.52105
875            41       0.53516
876            41       0.54921
877            41       0.56323
878            41       0.57733
879            41       0.59135
880            41       0.60543
881            41       0.61954
882            41       0.63364
883            41       0.64774
884            41       0.66183
885            41       0.67592
886            41       0.69002
887            41       0.70411
888            41       0.71821
889            41       0.73228
890            41       0.74637
891            41       0.76047
892            41       0.77458
893            41       0.78868
894            41       0.80277
895            41       0.81685
896            41       0.83091
897            41       0.84497
898            41       0.85904
899            41       0.87312
900            41       0.88722
901            41       0.90132
902            41       0.91541
903            41        0.9295
904            41        0.9436
905            41        0.9577
906            41        0.9718
907            41        0.9859
908   41    1
908   58    0
909            58       0.01516
910            58       0.03033
911            58       0.04551
912            58       0.06068
913            58       0.07584
914            58         0.091
915            58       0.10616
916            58       0.12132
917            58       0.13647
918            58       0.15163
919            58        0.1668
920            58       0.18197
921            58       0.19711
922            58       0.21224
923            58        0.2274
924            58       0.24257
925            58       0.25773
926            58       0.27284
927            58       0.28798
928            58       0.30315
929            58       0.31831
930            58       0.33347
931            58       0.34863
932            58        0.3638
933            58       0.37896
934            58       0.39412
935            58       0.40925
936            58       0.42436
937            58       0.43952
938            58       0.45469
939            58       0.46979
940            58        0.4849
941            58       0.50006
942            58       0.51523
943            58        0.5304
944            58       0.54556
945            58       0.56073
946            58       0.57589
947            58       0.59101
948            58       0.60601
949            58       0.62117
950            58       0.63633
951            58        0.6515
952            58       0.66666
953            58       0.68181
954            58       0.69698
955            58       0.71214
956            58       0.72731
957            58       0.74248
958            58       0.75763
959            58       0.77273
960            58       0.78786
961            58       0.80303
962            58        0.8182
963            58       0.83337
964            58       0.84853
965            58        0.8637
966            58       0.87881
967            58       0.89392
968            58       0.90909
969            58       0.92421
970            58       0.93937
971            58       0.95453
972            58       0.96967
973            58       0.98483
974   58    1
10   4   0
975             4       0.05054
976             4       0.08849
977             4        0.1263
978             4       0.16169
979             4       0.19934
980             4       0.23632
981             4       0.27406
982             4        0.3116
983             4       0.34958
984             4       0.38687
985             4       0.42479
986             4       0.46178
987             4       0.49972
988             4       0.53464
989             4       0.57261
990             4       0.61027
991             4       0.64801
992             4       0.68598
993             4       0.72395
994             4       0.76175
995             4        0.7996
996             4       0.83759
997             4        0.8744
998             4        0.9118
999             4       0.94592
1000              4        0.96295
1001     4     1
1001    17     0
1002             17        0.19306
1003             17        0.39934
1004             17        0.60534
1005             17         0.8069
1006    17     1
1006    18     0
1007             18        0.04242
1008             18        0.08229
1009             18        0.12115
1010             18        0.15346
1011             18        0.19281
1012             18        0.23048
1013             18        0.26984
1014             18        0.30908
1015             18        0.34876
1016             18        0.38646
1017             18         0.4256
1018             18        0.46452
1019             18        0.50428
1020             18         0.5433
1021             18        0.58307
1022             18        0.62151
1023             18        0.65847
1024             18        0.69748
1025             18        0.73126
1026             18        0.76816
1027             18        0.80653
1028             18        0.84624
1029             18        0.88397
1030             18        0.92334
1031             18        0.96154
1032    18     1
1032    19     0
1033             19         0.0928
1034             19        0.18381
1035             19        0.27576
1036             19        0.36564
1037             19        0.45956
1038             19        0.55086
1039             19         0.6353
1040             19        0.72947
1041             19        0.81468
1042             19        0.90891
1043    19     1
1043    20     0
1044             20        0.16971
1045             20        0.32809
1046             20        0.49199
1047             20        0.66112
1048             20        0.83047
1049    20     1
1049    21     0
1050    21     1
1050    42     0
1051             42        0.01147
1052             42        0.02299
1053             42        0.03451
1054             42        0.04602
1055             42         0.0572
1056             42        0.06872
1057             42         0.0802
1058             42        0.09164
1059             42        0.10313
1060             42        0.11458
1061             42        0.12581
1062             42        0.13696
1063             42        0.14848
1064             42           0.16
1065             42        0.17152
1066             42        0.18304
1067             42        0.19456
1068             42        0.20609
1069             42        0.21761
1070             42        0.22913
1071             42        0.24066
1072             42        0.25218
1073             42        0.26369
1074             42         0.2752
1075             42        0.28673
1076             42        0.29825
1077             42        0.30977
1078             42        0.32129
1079             42         0.3328
1080             42        0.34428
1081             42         0.3558
1082             42        0.36732
1083             42        0.37884
1084             42        0.39037
1085             42        0.40189
1086             42        0.41341
1087             42        0.42493
1088             42        0.43646
1089             42        0.44798
1090             42        0.45949
1091             42        0.47101
1092             42        0.48252
1093             42        0.49404
1094             42        0.50556
1095             42        0.51707
1096             42        0.52859
1097             42        0.54011
1098             42        0.55161
1099             42        0.56313
1100             42        0.57465
1101             42        0.58616
1102             42        0.59745
1103             42        0.60881
1104             42         0.6203
1105             42        0.63178
1106             42        0.64329
1107             42        0.65481
1108             42        0.66632
1109             42        0.67784
1110             42        0.68934
1111             42        0.70086
1112             42        0.71238
1113             42        0.72389
1114             42        0.73541
1115             42        0.74691
1116             42        0.75841
1117             42        0.76993
1118             42        0.78145
1119             42        0.79295
1120             42        0.80447
1121             42        0.81597
1122             42        0.82748
1123             42        0.83896
1124             42        0.85043
1125             42        0.86195
1126             42        0.87348
1127             42        0.88497
1128             42        0.89639
1129             42        0.90791
1130             42        0.91942
1131             42         0.9309
1132             42        0.94241
1133             42        0.95393
1134             42        0.96544
1135             42        0.97696
1136             42        0.98848
1137    42     1
1137    59     0
1138             59        0.03032
1139             59        0.06067
1140             59        0.09106
1141             59        0.12142
1142             59        0.15173
1143             59        0.18202
1144             59        0.21213
1145             59        0.24233
1146             59        0.27269
1147             59        0.30307
1148             59        0.33345
1149             59        0.36377
1150             59        0.39413
1151             59        0.42448
1152             59        0.45479
1153             59        0.48504
1154             59        0.51534
1155             59        0.54573
1156             59        0.57611
1157             59         0.6065
1158             59        0.63689
1159             59        0.66727
1160             59        0.69762
1161             59        0.72796
1162             59        0.75831
1163             59        0.78869
1164             59        0.81876
1165             59        0.84843
1166             59        0.87871
1167             59        0.90906
1168             59        0.93924
1169             59        0.96961
1170    59     1
1049    22     0
1171    22     1
1171    43     0
1172             43        0.01165
1173             43        0.02315
1174             43        0.03506
1175             43        0.04694
1176             43        0.05872
1177             43        0.07062
1178             43        0.08252
1179             43        0.09445
1180             43        0.10638
1181             43         0.1183
1182             43        0.13023
1183             43         0.1418
1184             43        0.15372
1185             43        0.16565
1186             43        0.17758
1187             43        0.18951
1188             43        0.20143
1189             43        0.21336
1190             43        0.22529
1191             43        0.23721
1192             43        0.24914
1193             43        0.26107
1194             43          0.273
1195             43        0.28493
1196             43        0.29686
1197             43        0.30878
1198             43        0.32071
1199             43        0.33262
1200             43        0.34452
1201             43        0.35643
1202             43        0.36833
1203             43        0.38024
1204             43        0.39215
1205             43        0.40408
1206             43          0.416
1207             43        0.42793
1208             43        0.43986
1209             43        0.45178
1210             43        0.46371
1211             43        0.47562
1212             43        0.48749
1213             43        0.49935
1214             43        0.51127
1215             43         0.5232
1216             43        0.53513
1217             43        0.54702
1218             43        0.55891
1219             43        0.57084
1220             43        0.58273
1221             43        0.59463
1222             43        0.60654
1223             43        0.61847
1224             43         0.6304
1225             43         0.6423
1226             43         0.6542
1227             43        0.66613
1228             43        0.67806
1229             43        0.68998
1230             43        0.70191
1231             43        0.71384
1232             43        0.72576
1233             43        0.73769
1234             43         0.7496
1235             43        0.76152
1236             43        0.77345
1237             43        0.78537
1238             43         0.7973
1239             43        0.80923
1240             43        0.82116
1241             43        0.83309
1242             43        0.84501
1243             43        0.85694
1244             43        0.86887
1245             43        0.88079
1246             43        0.89272
1247             43        0.90465
1248             43        0.91658
1249             43        0.92851
1250             43        0.94044
1251             43        0.95236
1252             43        0.96426
1253             43        0.97617
1254             43        0.98809
1255    43     1
1255    60     0
1256             60        0.04761
1257             60        0.09525
1258             60        0.14291
1259             60        0.19059
1260             60        0.23825
1261             60        0.28591
1262             60        0.33333
1263             60        0.38073
1264             60        0.42841
1265             60        0.47607
1266             60         0.5237
1267             60         0.5713
1268             60        0.61887
1269             60        0.66652
1270             60         0.7142
1271             60        0.76188
1272             60         0.8095
1273             60        0.85716
1274             60        0.90478
1275             60        0.95232
1276    60     1
1043    23     0
1277             23        0.20192
1278             23        0.40383
1279             23        0.59439
1280             23        0.79758
1281    23     1
1281    44     0
1282             44        0.05301
1283             44        0.10602
1284             44        0.15894
1285             44        0.21195
1286             44        0.26496
1287             44        0.31798
1288             44        0.37099
1289             44        0.42294
1290             44        0.47401
1291             44        0.52696
1292             44        0.57988
1293             44        0.63285
1294             44        0.68586
1295             44        0.73884
1296             44        0.79186
1297             44        0.84488
1298             44        0.89754
1299             44         0.9502
1300    44     1
1300    45     0
1301             45        0.01785
1302             45        0.03471
1303             45        0.05161
1304             45        0.06853
1305             45        0.08544
1306             45        0.10237
1307             45        0.11932
1308             45        0.13626
1309             45        0.15321
1310             45        0.17014
1311             45        0.18709
1312             45        0.20404
1313             45        0.22099
1314             45        0.23794
1315             45        0.25488
1316             45        0.27179
1317             45        0.28874
1318             45        0.30569
1319             45        0.32264
1320             45        0.33957
1321             45        0.35638
1322             45        0.37331
1323             45        0.39024
1324             45        0.40717
1325             45        0.42412
1326             45        0.44107
1327             45        0.45802
1328             45        0.47498
1329             45        0.49193
1330             45        0.50888
1331             45        0.52581
1332             45        0.54273
1333             45        0.55965
1334             45         0.5766
1335             45        0.59354
1336             45        0.61044
1337             45        0.62739
1338             45        0.64428
1339             45        0.66117
1340             45        0.67811
1341             45        0.69507
1342             45          0.712
1343             45        0.72892
1344             45        0.74586
1345             45        0.76282
1346             45        0.77977
1347             45        0.79673
1348             45        0.81368
1349             45        0.83063
1350             45        0.84758
1351             45        0.86449
1352             45        0.88144
1353             45        0.89839
1354             45        0.91534
1355             45        0.93227
1356             45        0.94917
1357             45        0.96612
1358             45        0.98306
1359    45     1
1359    61     0
1360             61         0.0233
1361             61        0.04652
1362             61        0.06976
1363             61        0.09293
1364             61        0.11624
1365             61        0.13948
1366             61         0.1627
1367             61        0.18599
1368             61        0.20915
1369             61        0.23241
1370             61        0.25572
1371             61          0.279
1372             61        0.30226
1373             61        0.32555
1374             61        0.34874
1375             61        0.37204
1376             61        0.39534
1377             61        0.41862
1378             61        0.44187
1379             61        0.46515
1380             61        0.48845
1381             61        0.51176
1382             61        0.53507
1383             61        0.55838
1384             61        0.58168
1385             61        0.60499
1386             61        0.62822
1387             61        0.65124
1388             61         0.6744
1389             61         0.6977
1390             61        0.72095
1391             61        0.74418
1392             61        0.76741
1393             61        0.79065
1394             61         0.8139
1395             61        0.83717
1396             61        0.86044
1397             61        0.88374
1398             61        0.90703
1399             61        0.93032
1400             61        0.95362
1401             61        0.97686
1402    61     1
1300    46     0
1403             46        0.01677
1404             46        0.03258
1405             46        0.04844
1406             46        0.06431
1407             46        0.08017
1408             46        0.09605
1409             46        0.11192
1410             46        0.12779
1411             46        0.14365
1412             46        0.15953
1413             46        0.17541
1414             46        0.19127
1415             46        0.20713
1416             46          0.223
1417             46        0.23888
1418             46        0.25476
1419             46        0.27063
1420             46        0.28648
1421             46        0.30235
1422             46        0.31823
1423             46         0.3341
1424             46        0.34997
1425             46        0.36585
1426             46        0.38173
1427             46        0.39757
1428             46        0.41343
1429             46        0.42928
1430             46        0.44511
1431             46        0.46097
1432             46        0.47681
1433             46        0.49269
1434             46        0.50856
1435             46        0.52442
1436             46        0.54028
1437             46        0.55615
1438             46        0.57202
1439             46        0.58788
1440             46        0.60376
1441             46        0.61963
1442             46         0.6355
1443             46        0.65136
1444             46         0.6672
1445             46        0.68308
1446             46         0.6989
1447             46        0.71471
1448             46        0.73057
1449             46        0.74644
1450             46         0.7623
1451             46        0.77812
1452             46        0.79398
1453             46        0.80983
1454             46        0.82562
1455             46        0.84148
1456             46        0.85732
1457             46        0.87313
1458             46        0.88899
1459             46        0.90485
1460             46        0.92072
1461             46        0.93659
1462             46        0.95245
1463             46        0.96833
1464             46        0.98418
1465    46     1
1465    62     0
1466             62        0.03223
1467             62        0.06453
1468             62        0.09683
1469             62        0.12915
1470             62        0.16145
1471             62        0.19362
1472             62        0.22589
1473             62         0.2581
1474             62        0.29042
1475             62        0.32275
1476             62        0.35499
1477             62         0.3872
1478             62         0.4195
1479             62        0.45182
1480             62        0.48411
1481             62        0.51642
1482             62        0.54873
1483             62        0.58098
1484             62         0.6132
1485             62        0.64548
1486             62        0.67781
1487             62         0.7101
1488             62        0.74237
1489             62         0.7747
1490             62        0.80704
1491             62        0.83935
1492             62        0.87166
1493             62        0.90398
1494             62        0.93626
1495             62        0.96795
1496    62     1
1032    24     0
1497             24        0.03675
1498             24        0.07617
1499             24        0.11915
1500             24         0.1615
1501             24        0.20582
1502             24        0.25004
1503             24        0.29413
1504             24        0.33841
1505             24        0.38172
1506             24        0.42472
1507             24         0.4688
1508             24         0.5131
1509             24        0.55744
1510             24        0.60172
1511             24        0.64576
1512             24         0.6901
1513             24        0.73444
1514             24         0.7786
1515             24        0.82287
1516             24         0.8672
1517             24        0.91153
1518             24         0.9557
1519    24     1
1519    47     0
1520             47        0.01224
1521             47        0.02447
1522             47        0.03671
1523             47        0.04895
1524             47         0.0612
1525             47        0.07344
1526             47        0.08567
1527             47        0.09788
1528             47        0.11012
1529             47        0.12236
1530             47         0.1346
1531             47        0.14679
1532             47        0.15897
1533             47        0.17116
1534             47        0.18326
1535             47        0.19549
1536             47        0.20774
1537             47        0.21996
1538             47        0.23206
1539             47         0.2443
1540             47        0.25643
1541             47        0.26859
1542             47        0.28083
1543             47        0.29304
1544             47        0.30518
1545             47        0.31728
1546             47         0.3295
1547             47        0.34159
1548             47        0.35379
1549             47        0.36602
1550             47        0.37826
1551             47        0.39049
1552             47        0.40273
1553             47        0.41496
1554             47        0.42718
1555             47        0.43941
1556             47        0.45145
1557             47        0.46362
1558             47        0.47574
1559             47        0.48798
1560             47        0.49994
1561             47        0.51213
1562             47        0.52414
1563             47        0.53638
1564             47        0.54862
1565             47        0.56079
1566             47        0.57264
1567             47        0.58486
1568             47         0.5968
1569             47          0.609
1570             47        0.62125
1571             47        0.63349
1572             47        0.64561
1573             47        0.65749
1574             47        0.66972
1575             47        0.68193
1576             47        0.69416
1577             47        0.70639
1578             47        0.71863
1579             47        0.73085
1580             47        0.74307
1581             47        0.75531
1582             47        0.76755
1583             47        0.77979
1584             47        0.79203
1585             47        0.80427
1586             47        0.81649
1587             47        0.82873
1588             47        0.84097
1589             47        0.85321
1590             47        0.86546
1591             47        0.87766
1592             47        0.88989
1593             47        0.90213
1594             47        0.91437
1595             47        0.92659
1596             47        0.93883
1597             47        0.95107
1598             47        0.96332
1599             47        0.97555
1600             47         0.9878
1601    47     1
1601    63     0
1602             63        0.05888
1603             63        0.11765
1604             63         0.1765
1605             63        0.23523
1606             63        0.29404
1607             63        0.35296
1608             63         0.4118
1609             63        0.47065
1610             63        0.52935
1611             63        0.58786
1612             63        0.64666
1613             63        0.70557
1614             63        0.76449
1615             63        0.82339
1616             63        0.88223
1617             63         0.9411
1618    63     1
1006    25     0
1619             25        0.01512
1620             25        0.02349
1621             25        0.03746
1622             25        0.05143
1623             25         0.0654
1624             25        0.07937
1625             25        0.09334
1626             25        0.10731
1627             25        0.12128
1628             25        0.13525
1629             25        0.14921
1630             25        0.16316
1631             25        0.17711
1632             25        0.19108
1633             25        0.20505
1634             25        0.21902
1635             25        0.23299
1636             25        0.24696
1637             25        0.26092
1638             25        0.27488
1639             25         0.2888
1640             25        0.30276
1641             25        0.31664
1642             25        0.33057
1643             25        0.34453
1644             25         0.3585
1645             25        0.37247
1646             25        0.38643
1647             25         0.4004
1648             25        0.41436
1649             25        0.42832
1650             25        0.44228
1651             25        0.45624
1652             25        0.47022
1653             25        0.48418
1654             25        0.49814
1655             25        0.51209
1656             25        0.52605
1657             25        0.53996
1658             25        0.55393
1659             25        0.56775
1660             25        0.58166
1661             25        0.59562
1662             25        0.60958
1663             25        0.62354
1664             25        0.63747
1665             25        0.65135
1666             25        0.66527
1667             25        0.67916
1668             25        0.69307
1669             25        0.70701
1670             25        0.72096
1671             25        0.73492
1672             25        0.74887
1673             25        0.76282
1674             25        0.77677
1675             25        0.79074
1676             25        0.80469
1677             25        0.81863
1678             25        0.83255
1679             25        0.84651
1680             25        0.86048
1681             25        0.87442
1682             25        0.88835
1683             25        0.90227
1684             25        0.91624
1685             25        0.93021
1686             25        0.94418
1687             25        0.95815
1688             25         0.9721
1689             25        0.98604
1690    25     1
1  67   0
1691             67        0.16522
1692             67         0.3329
1693             67        0.50016
1694             67        0.66579
1695             67        0.83337
1696    67     1
1696     5     0
1697              5        0.03097
1698              5        0.06196
1699              5        0.09245
1700              5        0.12298
1701              5        0.15392
1702              5        0.18454
1703              5        0.21502
1704              5         0.2459
1705              5        0.27585
1706              5        0.30682
1707              5         0.3378
1708              5        0.36879
1709              5        0.39967
1710              5        0.43049
1711              5        0.46119
1712              5        0.49215
1713              5         0.5229
1714              5        0.55365
1715              5        0.58452
1716              5        0.61539
1717              5        0.64627
1718              5        0.67654
1719              5        0.70725
1720              5        0.73627
1721              5        0.76692
1722              5        0.79775
1723              5        0.82866
1724              5        0.85963
1725              5        0.89059
1726              5        0.92124
1727              5        0.95217
1728              5        0.98211
1729     5     1
1729     6     0
1730              6        0.48797
1731     6     1
1731     7     0
1732              7        0.01772
1733              7        0.04035
1734              7         0.0623
1735              7        0.08492
1736              7        0.10752
1737              7        0.13019
1738              7        0.15287
1739              7        0.17554
1740              7         0.1982
1741              7        0.22088
1742              7         0.2432
1743              7        0.26586
1744              7         0.2866
1745              7        0.30918
1746              7        0.32618
1747              7        0.34799
1748              7        0.37039
1749              7        0.39305
1750              7        0.41566
1751              7        0.43833
1752              7          0.461
1753              7        0.48355
1754              7        0.50595
1755              7        0.52817
1756              7        0.55043
1757              7        0.57306
1758              7        0.59536
1759              7         0.6178
1760              7        0.63973
1761              7        0.66235
1762              7        0.68455
1763              7         0.7071
1764              7        0.72955
1765              7        0.75212
1766              7        0.77479
1767              7        0.79746
1768              7        0.82013
1769              7        0.84275
1770              7        0.86541
1771              7        0.88805
1772              7        0.91067
1773              7        0.93333
1774              7        0.95558
1775              7        0.97825
1776     7     1
1776     8     0
1777              8        0.21301
1778              8        0.40895
1779              8        0.60587
1780              8        0.80288
1781     8     1
1781     9     0
1782              9        0.05511
1783              9        0.11158
1784              9        0.15714
1785              9        0.21349
1786              9         0.2699
1787              9        0.32635
1788              9        0.38272
1789              9        0.43835
1790              9        0.49465
1791              9        0.54993
1792              9        0.60636
1793              9        0.66283
1794              9         0.7192
1795              9        0.77564
1796              9        0.83205
1797              9        0.88844
1798              9        0.94375
1799     9     1
1799    26     0
1800             26        0.20212
1801             26        0.40717
1802             26        0.61101
1803             26          0.815
1804    26     1
1804    27     0
1805             27        0.02956
1806             27        0.05586
1807             27        0.08214
1808             27        0.10842
1809             27        0.13471
1810             27          0.161
1811             27        0.18721
1812             27        0.21351
1813             27        0.23981
1814             27        0.26548
1815             27        0.29173
1816             27        0.31801
1817             27        0.34408
1818             27        0.36945
1819             27        0.39567
1820             27        0.42179
1821             27         0.4481
1822             27        0.47425
1823             27         0.5005
1824             27        0.52682
1825             27        0.55313
1826             27        0.57942
1827             27        0.60569
1828             27        0.63201
1829             27        0.65832
1830             27        0.68463
1831             27        0.71091
1832             27         0.7372
1833             27        0.76348
1834             27        0.78979
1835             27         0.8161
1836             27         0.8424
1837             27        0.86867
1838             27        0.89498
1839             27        0.92128
1840             27         0.9476
1841             27        0.97391
1842    27     1
1842    48     0
1843             48        0.01179
1844             48          0.023
1845             48        0.03481
1846             48        0.04659
1847             48        0.05842
1848             48        0.07024
1849             48        0.08209
1850             48         0.0939
1851             48        0.10568
1852             48        0.11746
1853             48        0.12926
1854             48        0.14107
1855             48        0.15287
1856             48        0.16466
1857             48        0.17644
1858             48        0.18828
1859             48        0.19897
1860             48        0.21055
1861             48        0.22236
1862             48        0.23421
1863             48        0.24607
1864             48        0.25792
1865             48        0.26976
1866             48        0.28162
1867             48        0.29347
1868             48        0.30532
1869             48        0.31713
1870             48        0.32898
1871             48        0.34082
1872             48        0.35262
1873             48        0.36448
1874             48        0.37616
1875             48        0.38801
1876             48        0.39982
1877             48        0.41164
1878             48        0.42347
1879             48        0.43531
1880             48        0.44716
1881             48        0.45901
1882             48        0.47085
1883             48        0.48267
1884             48        0.49452
1885             48        0.50636
1886             48        0.51821
1887             48        0.53005
1888             48         0.5419
1889             48        0.55375
1890             48        0.56557
1891             48        0.57741
1892             48        0.58926
1893             48        0.60108
1894             48         0.6129
1895             48        0.62471
1896             48        0.63656
1897             48        0.64841
1898             48        0.66026
1899             48         0.6718
1900             48        0.68338
1901             48         0.6952
1902             48        0.70623
1903             48        0.71794
1904             48        0.72965
1905             48        0.74133
1906             48        0.75315
1907             48        0.76479
1908             48        0.77631
1909             48        0.78815
1910             48        0.79973
1911             48        0.81158
1912             48        0.82327
1913             48        0.83505
1914             48         0.8468
1915             48        0.85861
1916             48        0.87043
1917             48        0.88219
1918             48        0.89398
1919             48        0.90582
1920             48        0.91762
1921             48        0.92943
1922             48        0.94122
1923             48        0.95301
1924             48        0.96477
1925             48        0.97662
1926             48         0.9884
1927    48     1
1927    64     0
1928             64        0.06634
1929             64        0.13307
1930             64        0.19969
1931             64        0.26631
1932             64        0.33273
1933             64        0.39946
1934             64        0.46613
1935             64        0.53287
1936             64        0.59959
1937             64        0.66629
1938             64        0.73303
1939             64        0.79978
1940             64        0.86652
1941             64        0.93326
1942    64     1
1804    28     0
1943             28        0.02907
1944             28        0.05524
1945             28        0.08119
1946             28        0.10747
1947             28        0.13372
1948             28        0.15989
1949             28        0.18619
1950             28        0.21247
1951             28        0.23862
1952             28         0.2649
1953             28        0.29115
1954             28        0.31745
1955             28        0.34371
1956             28        0.36995
1957             28        0.39616
1958             28        0.42229
1959             28        0.44849
1960             28        0.47471
1961             28        0.50101
1962             28         0.5273
1963             28        0.55359
1964             28        0.57985
1965             28        0.60615
1966             28        0.63243
1967             28        0.65865
1968             28        0.68492
1969             28        0.71122
1970             28        0.73752
1971             28        0.76381
1972             28        0.79005
1973             28        0.81634
1974             28        0.84265
1975             28        0.86882
1976             28        0.89501
1977             28        0.92129
1978             28        0.94758
1979             28        0.97378
1980    28     1
1980    49     0
1981             49        0.01373
1982             49        0.02748
1983             49        0.04119
1984             49        0.05493
1985             49        0.06867
1986             49        0.08239
1987             49        0.09613
1988             49        0.10982
1989             49        0.12356
1990             49         0.1373
1991             49        0.15099
1992             49        0.16468
1993             49        0.17838
1994             49        0.19212
1995             49        0.20583
1996             49        0.21957
1997             49        0.23328
1998             49        0.24702
1999             49        0.26069
2000             49        0.27437
2001             49        0.28808
2002             49        0.30182
2003             49        0.31556
2004             49        0.32931
2005             49        0.34302
2006             49        0.35672
2007             49        0.37039
2008             49        0.38406
2009             49         0.3976
2010             49        0.41123
2011             49        0.42485
2012             49        0.43858
2013             49        0.45233
2014             49        0.46606
2015             49         0.4798
2016             49        0.49354
2017             49        0.50723
2018             49        0.52092
2019             49         0.5345
2020             49        0.54823
2021             49        0.56197
2022             49         0.5757
2023             49        0.58943
2024             49        0.60315
2025             49        0.61684
2026             49        0.63046
2027             49         0.6442
2028             49        0.65789
2029             49        0.67162
2030             49        0.68535
2031             49        0.69907
2032             49        0.71282
2033             49        0.72655
2034             49        0.74023
2035             49         0.7539
2036             49        0.76758
2037             49        0.78126
2038             49        0.79482
2039             49        0.80851
2040             49        0.82192
2041             49        0.83554
2042             49        0.84913
2043             49        0.86284
2044             49        0.87657
2045             49        0.89032
2046             49        0.90406
2047             49         0.9178
2048             49        0.93151
2049             49        0.94525
2050             49        0.95894
2051             49        0.97264
2052             49        0.98637
2053    49     1
1781    10     0
2054             10        0.04593
2055             10        0.09195
2056             10        0.13627
2057             10        0.18227
2058             10        0.22815
2059             10          0.274
2060             10        0.31997
2061             10        0.36601
2062             10        0.41188
2063             10         0.4577
2064             10        0.50349
2065             10        0.54949
2066             10        0.59551
2067             10        0.64155
2068             10        0.68757
2069             10        0.73333
2070             10        0.77854
2071             10        0.81825
2072             10        0.86329
2073             10        0.90909
2074             10        0.95439
2075    10     1
2075    29     0
2076             29        0.02062
2077             29        0.04094
2078             29        0.05989
2079             29        0.08081
2080             29        0.10178
2081             29        0.12276
2082             29        0.14375
2083             29        0.16469
2084             29        0.18555
2085             29        0.20645
2086             29        0.22744
2087             29        0.24776
2088             29        0.26879
2089             29        0.28891
2090             29        0.30981
2091             29        0.33055
2092             29        0.35053
2093             29        0.37143
2094             29          0.392
2095             29        0.41303
2096             29        0.43394
2097             29        0.45479
2098             29        0.47578
2099             29         0.4968
2100             29        0.51783
2101             29        0.53885
2102             29        0.55986
2103             29        0.58088
2104             29        0.60185
2105             29        0.62282
2106             29        0.64358
2107             29        0.66458
2108             29        0.68555
2109             29        0.70656
2110             29        0.72756
2111             29        0.74847
2112             29        0.76939
2113             29        0.79029
2114             29        0.81118
2115             29        0.83204
2116             29        0.85306
2117             29          0.874
2118             29        0.89493
2119             29        0.91592
2120             29        0.93694
2121             29        0.95796
2122             29        0.97899
2123    29     1
2123    50     0
2124             50        0.01407
2125             50        0.02817
2126             50        0.04228
2127             50        0.05639
2128             50         0.0705
2129             50        0.08461
2130             50        0.09871
2131             50        0.11282
2132             50        0.12692
2133             50        0.14101
2134             50        0.15511
2135             50        0.16923
2136             50        0.18329
2137             50        0.19737
2138             50        0.21147
2139             50        0.22559
2140             50        0.23969
2141             50        0.25378
2142             50        0.26787
2143             50        0.28197
2144             50        0.29608
2145             50        0.31019
2146             50         0.3243
2147             50        0.33841
2148             50        0.35252
2149             50        0.36657
2150             50        0.38065
2151             50        0.39475
2152             50        0.40885
2153             50        0.42293
2154             50        0.43703
2155             50        0.45111
2156             50        0.46522
2157             50        0.47933
2158             50        0.49344
2159             50        0.50754
2160             50        0.52161
2161             50        0.53571
2162             50         0.5498
2163             50        0.56391
2164             50        0.57799
2165             50        0.59196
2166             50        0.60606
2167             50        0.62017
2168             50        0.63426
2169             50        0.64834
2170             50         0.6624
2171             50         0.6765
2172             50        0.69052
2173             50        0.70463
2174             50        0.71873
2175             50        0.73279
2176             50        0.74685
2177             50        0.76081
2178             50        0.77492
2179             50        0.78903
2180             50        0.80311
2181             50        0.81717
2182             50        0.83126
2183             50        0.84538
2184             50        0.85947
2185             50        0.87355
2186             50        0.88763
2187             50        0.90171
2188             50         0.9158
2189             50        0.92984
2190             50        0.94394
2191             50        0.95775
2192             50        0.97186
2193             50        0.98597
2194    50     1
1776    11     0
2195             11        0.04929
2196             11        0.09569
2197             11        0.14097
2198             11        0.18703
2199             11        0.23284
2200             11        0.27844
2201             11        0.32455
2202             11        0.37054
2203             11        0.40829
2204             11        0.45392
2205             11        0.49026
2206             11        0.53655
2207             11        0.58295
2208             11        0.62936
2209             11        0.67574
2210             11        0.72206
2211             11         0.7684
2212             11        0.81462
2213             11        0.86091
2214             11        0.90727
2215             11        0.95361
2216    11     1
2216    30     0
2217             30        0.02264
2218             30        0.04529
2219             30        0.06794
2220             30        0.09057
2221             30        0.11321
2222             30         0.1358
2223             30        0.15837
2224             30        0.18096
2225             30        0.20315
2226             30        0.22567
2227             30         0.2469
2228             30        0.26955
2229             30        0.29174
2230             30        0.31359
2231             30        0.33591
2232             30        0.35858
2233             30        0.37934
2234             30        0.40195
2235             30        0.42442
2236             30        0.44635
2237             30         0.4683
2238             30        0.49093
2239             30        0.51354
2240             30         0.5338
2241             30        0.55546
2242             30        0.57801
2243             30        0.60046
2244             30        0.62304
2245             30        0.64554
2246             30        0.66768
2247             30        0.69023
2248             30        0.70912
2249             30         0.7313
2250             30        0.75359
2251             30        0.77623
2252             30        0.79857
2253             30        0.82118
2254             30         0.8437
2255             30        0.86598
2256             30        0.88864
2257             30        0.91107
2258             30         0.9336
2259             30        0.95625
2260             30         0.9776
2261    30     1
2261    51     0
2262             51        0.01345
2263             51        0.02687
2264             51        0.04029
2265             51        0.05377
2266             51        0.06724
2267             51        0.08072
2268             51        0.09418
2269             51        0.10765
2270             51        0.12112
2271             51        0.13456
2272             51        0.14795
2273             51        0.16139
2274             51        0.17486
2275             51        0.18832
2276             51        0.20175
2277             51        0.21519
2278             51        0.22865
2279             51        0.24203
2280             51        0.25547
2281             51        0.26892
2282             51         0.2824
2283             51        0.29587
2284             51         0.3093
2285             51         0.3227
2286             51        0.33618
2287             51        0.34964
2288             51        0.36307
2289             51        0.37643
2290             51        0.38872
2291             51        0.40141
2292             51        0.41487
2293             51        0.42829
2294             51        0.44171
2295             51        0.45505
2296             51        0.46831
2297             51        0.48172
2298             51        0.49518
2299             51        0.50864
2300             51        0.52212
2301             51         0.5356
2302             51        0.54907
2303             51        0.56254
2304             51          0.576
2305             51        0.58943
2306             51        0.60282
2307             51        0.61628
2308             51        0.62974
2309             51        0.64321
2310             51        0.65669
2311             51        0.67013
2312             51        0.68361
2313             51        0.69708
2314             51        0.71051
2315             51        0.72395
2316             51        0.73595
2317             51        0.74906
2318             51         0.7625
2319             51        0.77591
2320             51        0.78937
2321             51        0.80254
2322             51        0.81586
2323             51        0.82929
2324             51         0.8427
2325             51        0.85615
2326             51        0.86959
2327             51        0.88306
2328             51        0.89627
2329             51        0.90974
2330             51        0.92304
2331             51         0.9365
2332             51        0.94995
2333             51        0.96339
2334             51        0.97582
2335             51        0.98655
2336    51     1
1731    12     0
2337             12        0.03015
2338             12        0.05962
2339             12        0.08913
2340             12        0.11855
2341             12        0.14811
2342             12        0.17761
2343             12         0.2067
2344             12        0.23552
2345             12        0.26484
2346             12        0.29416
2347             12        0.32311
2348             12        0.35255
2349             12        0.38209
2350             12         0.4116
2351             12        0.44111
2352             12        0.47048
2353             12         0.4993
2354             12        0.52849
2355             12        0.55791
2356             12        0.58747
2357             12        0.61687
2358             12        0.64639
2359             12        0.67589
2360             12        0.70536
2361             12        0.73491
2362             12        0.76404
2363             12         0.7936
2364             12        0.82312
2365             12        0.85261
2366             12        0.88207
2367             12         0.9115
2368             12        0.94096
2369             12        0.97046
2370    12     1
1729    68     0
2371             68        0.03291
2372             68        0.07378
2373             68        0.11481
2374             68        0.15272
2375             68        0.19386
2376             68        0.23368
2377             68        0.27395
2378             68        0.30944
2379             68        0.35045
2380             68        0.39025
2381             68        0.43134
2382             68        0.47222
2383             68        0.51285
2384             68        0.55339
2385             68        0.59314
2386             68        0.63372
2387             68        0.67485
2388             68        0.71575
2389             68        0.75646
2390             68        0.79745
2391             68        0.83785
2392             68        0.87863
2393             68        0.91964
2394             68        0.96014
2395    68     1
